Casal2 (https://github.com/alistairdunn1/CASAL2:Development)
Call: casal2 -E MPD.dat -o free.dat 
Date: Thu Jul 11 12:10:01 2024
Seed: 56601
Version: v24.02 (2024-02-21)
Copyright (c) 2017-2024, NIWA (www.niwa.co.nz)
Environment: User=SophieMormede Machine=ZBOOK OS=Windows_NT PID=15052


*partition[PartitionAutumn]
year: 1990
time_step: SummerAutumn
values {dataframe_with_row_labels}
category 1 2 3 4 5 6 7 8 9 10
Male 3459513188.469108 4419226884.345474 80471750.120904 328.541826 0.000009 0.000000 0.000000 0.000000 0.000000 0.000000
PrimiFemale 0.000000 1383783.289947 993561379.120698 19535237.001968 79.757778 0.000002 0.000000 0.000000 0.000000 0.000000
MultiFemale 0.000000 0.000000 254331.471387 182682043.740341 48639467.883530 11994359.767514 2957772.703093 729377.768612 179862.343306 58870.890697
*end

*partition[PartitionAutumn]
year: 1991
time_step: SummerAutumn
values {dataframe_with_row_labels}
category 1 2 3 4 5 6 7 8 9 10
Male 5654439381.250939 1400445312.542443 132143255.933419 539.479526 0.000015 0.000000 0.000000 0.000000 0.000000 0.000000
PrimiFemale 0.000000 438520.055009 1631540210.510509 32077795.074074 130.966092 0.000004 0.000000 0.000000 0.000000 0.000000
MultiFemale 0.000000 0.000000 411182.020113 295305742.214361 60087522.809033 14452918.749523 3564044.395537 878882.527292 216729.762892 70937.995956
*end

*partition[PartitionAutumn]
year: 1992
time_step: SummerAutumn
values {dataframe_with_row_labels}
category 1 2 3 4 5 6 7 8 9 10
Male 8469858084.904834 2367063778.032176 43305181.521550 916.118237 0.000026 0.000000 0.000000 0.000000 0.000000 0.000000
PrimiFemale 0.000000 745102.883887 537497701.061099 54760201.731664 223.564140 0.000006 0.000000 0.000000 0.000000 0.000000
MultiFemale 0.000000 0.000000 151072.639802 562216487.210237 112785480.711743 20700536.661065 4979112.274106 1227833.457229 302780.002779 99103.170354
*end

*partition[PartitionAutumn]
year: 1993
time_step: SummerAutumn
values {dataframe_with_row_labels}
category 1 2 3 4 5 6 7 8 9 10
Male 6279133935.801688 3504087784.006299 72336934.835554 296.703604 0.000044 0.000000 0.000000 0.000000 0.000000 0.000000
PrimiFemale 0.000000 1101003.743436 896198158.291322 17702863.878043 374.509066 0.000011 0.000000 0.000000 0.000000 0.000000
MultiFemale 0.000000 0.000000 244151.495349 176173995.444858 202167760.262952 36957041.703211 6783045.790899 1631529.998775 402330.176282 131687.019065
*end

*partition[PartitionAutumn]
year: 1994
time_step: SummerAutumn
values {dataframe_with_row_labels}
category 1 2 3 4 5 6 7 8 9 10
Male 7623877451.014466 3152252144.889956 129940464.115708 601.398520 0.000017 0.000000 0.000000 0.000000 0.000000 0.000000
PrimiFemale 0.000000 851844.600057 1384565274.459830 30860868.147723 126.583762 0.000019 0.000000 0.000000 0.000000 0.000000
MultiFemale 0.000000 0.000000 355018.232650 289057477.225417 62515518.551998 65189037.124402 11916783.850809 2187190.500511 526086.219174 172193.638784
*end

*partition[PartitionAutumn]
year: 1995
time_step: SummerAutumn
values {dataframe_with_row_labels}
category 1 2 3 4 5 6 7 8 9 10
Male 9483202976.676706 3799343953.797238 116038099.282536 1072.400203 0.000034 0.000000 0.000000 0.000000 0.000000 0.000000
PrimiFemale 0.000000 1025507.448801 1234980730.390458 54965885.039522 254.400703 0.000007 0.000000 0.000000 0.000000 0.000000
MultiFemale 0.000000 0.000000 265424.557377 431524547.629898 99682718.199801 19479124.993218 20312121.862879 3713126.876368 681502.319154 217575.626131
*end

*partition[PartitionAutumn]
year: 1996
time_step: SummerAutumn
values {dataframe_with_row_labels}
category 1 2 3 4 5 6 7 8 9 10
Male 9962792231.605795 4674368021.735898 138331627.691465 947.210051 0.000061 0.000000 0.000000 0.000000 0.000000 0.000000
PrimiFemale 0.000000 1259458.920604 1469642181.639640 48463322.222810 447.895402 0.000014 0.000000 0.000000 0.000000 0.000000
MultiFemale 0.000000 0.000000 303042.014543 365020735.529536 143760087.695698 29456761.984370 5756168.115981 6002322.397730 1097245.515072 265681.533654
*end

*partition[PartitionAutumn]
year: 1997
time_step: SummerAutumn
values {dataframe_with_row_labels}
category 1 2 3 4 5 6 7 8 9 10
Male 10871141427.492252 5011100210.375227 173669471.590637 1152.271669 0.000055 0.000000 0.000000 0.000000 0.000000 0.000000
PrimiFemale 0.000000 1354579.466288 1851077224.877471 59146997.261885 405.008980 0.000026 0.000000 0.000000 0.000000 0.000000
MultiFemale 0.000000 0.000000 409693.039808 478162738.917085 134503426.639199 46764280.967927 9582075.415754 1872440.596910 1952512.836109 443350.486859
*end

*partition[PartitionAutumn]
year: 1998
time_step: SummerAutumn
values {dataframe_with_row_labels}
category 1 2 3 4 5 6 7 8 9 10
Male 12560318312.971188 5568837983.466390 189615674.609141 1473.321230 0.000068 0.000000 0.000000 0.000000 0.000000 0.000000
PrimiFemale 0.000000 1509670.664353 2026852127.530382 75844141.454081 503.223114 0.000024 0.000000 0.000000 0.000000 0.000000
MultiFemale 0.000000 0.000000 477804.956267 653080640.790058 189526905.867221 47443947.732736 16495307.790234 3379914.755033 660471.696039 845100.194372
*end

*partition[PartitionAutumn]
year: 1999
time_step: SummerAutumn
values {dataframe_with_row_labels}
category 1 2 3 4 5 6 7 8 9 10
Male 14014487230.482561 6389784558.603468 209266967.095800 1597.508395 0.000086 0.000000 0.000000 0.000000 0.000000 0.000000
PrimiFemale 0.000000 1730355.413557 2234496998.620907 82148380.758577 638.306636 0.000029 0.000000 0.000000 0.000000 0.000000
MultiFemale 0.000000 0.000000 516744.378511 693933697.419407 249503280.732843 64873237.278680 16239563.942108 5646170.236784 1156909.245673 515341.411332
*end

*partition[PartitionAutumn]
year: 2000
time_step: SummerAutumn
values {dataframe_with_row_labels}
category 1 2 3 4 5 6 7 8 9 10
Male 15363167835.828873 7133887953.831567 240262459.654497 1764.140620 0.000094 0.000000 0.000000 0.000000 0.000000 0.000000
PrimiFemale 0.000000 1932042.318010 2565702411.359095 90725699.682145 692.595931 0.000037 0.000000 0.000000 0.000000 0.000000
MultiFemale 0.000000 0.000000 593862.663135 767062768.239836 266353470.591919 85630420.584470 22264670.688291 5573462.316041 1937780.913136 573920.953359
*end

*partition[PartitionAutumn]
year: 2001
time_step: SummerAutumn
values {dataframe_with_row_labels}
category 1 2 3 4 5 6 7 8 9 10
Male 16833814645.537064 7949548890.212281 272672544.945619 2058.893406 0.000105 0.000000 0.000000 0.000000 0.000000 0.000000
PrimiFemale 0.000000 2158417.401990 2919206672.611592 106153436.249867 779.450390 0.000041 0.000000 0.000000 0.000000 0.000000
MultiFemale 0.000000 0.000000 711114.958142 944560919.017997 315720936.738736 98035342.104388 31517463.350570 8194820.691534 2051390.067718 924466.690511
*end

*partition[PartitionAutumn]
year: 2002
time_step: SummerAutumn
values {dataframe_with_row_labels}
category 1 2 3 4 5 6 7 8 9 10
Male 18410645815.632778 8635767758.682674 301240150.083122 2316.565577 0.000121 0.000000 0.000000 0.000000 0.000000 0.000000
PrimiFemale 0.000000 2341618.925703 3220759961.949459 119279789.745777 900.671574 0.000046 0.000000 0.000000 0.000000 0.000000
MultiFemale 0.000000 0.000000 766084.902658 1036363463.340026 372928982.056307 112058788.995478 34795584.692688 11186461.349268 2908579.409148 1056217.825547
*end

*partition[PartitionAutumn]
year: 2003
time_step: SummerAutumn
values {dataframe_with_row_labels}
category 1 2 3 4 5 6 7 8 9 10
Male 19984807097.640175 9491526463.365557 328867374.726813 2571.967691 0.000137 0.000000 0.000000 0.000000 0.000000 0.000000
PrimiFemale 0.000000 2575630.844177 3518833557.392693 132531833.164820 1019.199234 0.000053 0.000000 0.000000 0.000000 0.000000
MultiFemale 0.000000 0.000000 848730.249551 1167656519.883986 418868064.234379 135170103.452145 40616209.112691 12611815.251127 4054582.933348 1437058.485258
*end

*partition[PartitionAutumn]
year: 2004
time_step: SummerAutumn
values {dataframe_with_row_labels}
category 1 2 3 4 5 6 7 8 9 10
Male 21253673734.337696 10195823631.161779 357692169.039708 2778.606051 0.000151 0.000000 0.000000 0.000000 0.000000 0.000000
PrimiFemale 0.000000 2762261.420538 3821043432.932899 142947407.034116 1117.964826 0.000060 0.000000 0.000000 0.000000 0.000000
MultiFemale 0.000000 0.000000 892663.864732 1219853846.920774 450620151.073529 145171927.755147 46847345.075370 14076792.984245 4371011.384964 1903296.764574
*end

*partition[PartitionAutumn]
year: 2005
time_step: SummerAutumn
values {dataframe_with_row_labels}
category 1 2 3 4 5 6 7 8 9 10
Male 18226319684.796810 8904576121.004765 315540418.506457 2481.846581 0.000134 0.000000 0.000000 0.000000 0.000000 0.000000
PrimiFemale 0.000000 2803332.777996 3916939716.287977 148369141.804293 1152.572544 0.000063 0.000000 0.000000 0.000000 0.000000
MultiFemale 0.000000 0.000000 954892.604602 1321214019.411423 471109949.720336 155776319.388829 50184822.905823 16194768.179836 4866239.457724 2168980.244390
*end

*partition[PartitionAutumn]
year: 2006
time_step: SummerAutumn
values {dataframe_with_row_labels}
category 1 2 3 4 5 6 7 8 9 10
Male 18942788800.911991 7567163583.086487 273085909.036779 2169.570936 0.000119 0.000000 0.000000 0.000000 0.000000 0.000000
PrimiFemale 0.000000 2378951.743686 3385182059.873187 129518962.293873 1018.733132 0.000055 0.000000 0.000000 0.000000 0.000000
MultiFemale 0.000000 0.000000 932667.239682 1303481334.403468 488929491.786350 156738398.954174 51826693.909688 16696462.375381 5387990.271483 2340613.640888
*end

*partition[PartitionAutumn]
year: 2007
time_step: SummerAutumn
values {dataframe_with_row_labels}
category 1 2 3 4 5 6 7 8 9 10
Male 18247953075.890739 7909435349.762511 233392852.600537 1888.367588 0.000104 0.000000 0.000000 0.000000 0.000000 0.000000
PrimiFemale 0.000000 2488740.211077 2895689738.204196 112830828.053918 896.415750 0.000049 0.000000 0.000000 0.000000 0.000000
MultiFemale 0.000000 0.000000 810775.027662 1154028142.365089 488383532.065460 166633328.836293 53418309.171306 17663153.235365 5690352.811985 2634000.066404
*end

*partition[PartitionAutumn]
year: 2008
time_step: SummerAutumn
values {dataframe_with_row_labels}
category 1 2 3 4 5 6 7 8 9 10
Male 16881593056.353840 7585077227.917073 242852978.450518 1606.639064 0.000090 0.000000 0.000000 0.000000 0.000000 0.000000
PrimiFemale 0.000000 2385019.073901 3010963886.148967 95930608.072987 776.181564 0.000043 0.000000 0.000000 0.000000 0.000000
MultiFemale 0.000000 0.000000 832180.149181 968526252.147776 423609857.831741 163305042.744999 55718530.938804 17861911.137737 5906171.093708 2783481.051714
*end

*partition[PartitionAutumn]
year: 2009
time_step: SummerAutumn
values {dataframe_with_row_labels}
category 1 2 3 4 5 6 7 8 9 10
Male 16447532229.075457 6998398640.694328 232272023.800545 1667.297687 0.000077 0.000000 0.000000 0.000000 0.000000 0.000000
PrimiFemale 0.000000 2199633.997088 2878583530.411045 99511172.355585 658.345499 0.000037 0.000000 0.000000 0.000000 0.000000
MultiFemale 0.000000 0.000000 788424.462538 995620421.164995 351881390.424810 140034513.812446 53984344.177734 18419078.190832 5904677.175445 2872570.034078
*end

*partition[PartitionAutumn]
year: 2010
time_step: SummerAutumn
values {dataframe_with_row_labels}
category 1 2 3 4 5 6 7 8 9 10
Male 16019701097.724192 6802832733.149549 213815398.626500 1590.999424 0.000079 0.000000 0.000000 0.000000 0.000000 0.000000
PrimiFemale 0.000000 2137403.436182 2648901498.976483 94923472.070692 681.391951 0.000031 0.000000 0.000000 0.000000 0.000000
MultiFemale 0.000000 0.000000 719975.892003 942465153.003624 358454336.925634 115176703.159942 45835568.156690 17669951.639681 6028863.105347 2872935.405331
*end

*partition[PartitionAutumn]
year: 2011
time_step: SummerAutumn
values {dataframe_with_row_labels}
category 1 2 3 4 5 6 7 8 9 10
Male 15344204161.049610 6639157267.655478 208257158.162353 1467.512944 0.000076 0.000000 0.000000 0.000000 0.000000 0.000000
PrimiFemale 0.000000 2086627.886942 2580846448.062700 87583224.806734 651.717099 0.000032 0.000000 0.000000 0.000000 0.000000
MultiFemale 0.000000 0.000000 705682.852085 874796216.605320 342503128.455151 118347128.758450 38026618.187196 15133022.580676 5833892.496950 2939008.357226
*end

*partition[PartitionAutumn]
year: 2012
time_step: SummerAutumn
values {dataframe_with_row_labels}
category 1 2 3 4 5 6 7 8 9 10
Male 14863608976.656912 6416055364.857678 205064177.078889 1442.147221 0.000071 0.000000 0.000000 0.000000 0.000000 0.000000
PrimiFemale 0.000000 2019286.808695 2544779372.873310 86187978.882174 607.345530 0.000031 0.000000 0.000000 0.000000 0.000000
MultiFemale 0.000000 0.000000 715431.165877 885123247.106730 329965994.461460 117432475.766029 40577059.683605 13037987.249327 5188580.127724 3007918.529943
*end

*partition[PartitionAutumn]
year: 2013
time_step: SummerAutumn
values {dataframe_with_row_labels}
category 1 2 3 4 5 6 7 8 9 10
Male 14589028165.339853 6144383046.291375 195917520.765087 1403.872896 0.000069 0.000000 0.000000 0.000000 0.000000 0.000000
PrimiFemale 0.000000 1930360.200244 2426964661.349864 83751911.630972 589.008642 0.000029 0.000000 0.000000 0.000000 0.000000
MultiFemale 0.000000 0.000000 659395.645371 831228224.672904 317180496.578688 107750191.509389 38347431.782251 13250389.366236 4257538.839745 2676556.643107
*end

*partition[PartitionAutumn]
year: 2014
time_step: SummerAutumn
values {dataframe_with_row_labels}
category 1 2 3 4 5 6 7 8 9 10
Male 14289079492.277376 6077605934.470778 189076230.199024 1351.651545 0.000067 0.000000 0.000000 0.000000 0.000000 0.000000
PrimiFemale 0.000000 1911670.292794 2345026281.465252 80733222.480454 578.514090 0.000028 0.000000 0.000000 0.000000 0.000000
MultiFemale 0.000000 0.000000 651561.580134 819404879.123867 308836611.594959 107059298.719321 36369318.550348 12943549.728675 4472452.670626 2340490.758685
*end

*partition[PartitionAutumn]
year: 2015
time_step: SummerAutumn
values {dataframe_with_row_labels}
category 1 2 3 4 5 6 7 8 9 10
Male 8909161386.855982 3780828469.146985 118786138.557217 828.519965 0.000041 0.000000 0.000000 0.000000 0.000000 0.000000
PrimiFemale 0.000000 1593340.577556 1973864779.696984 66302724.443152 473.986885 0.000024 0.000000 0.000000 0.000000 0.000000
MultiFemale 0.000000 0.000000 529410.956327 649603414.773757 249280942.949513 85528238.201502 29648609.350840 10071985.628098 3584539.167631 1886751.554338
*end

*partition[PartitionAutumn]
year: 2016
time_step: SummerAutumn
values {dataframe_with_row_labels}
category 1 2 3 4 5 6 7 8 9 10
Male 8492593123.516764 2285944354.293114 71657383.653821 504.745614 0.000024 0.000000 0.000000 0.000000 0.000000 0.000000
PrimiFemale 0.000000 958645.526374 1184901863.841412 40194881.446711 280.359390 0.000014 0.000000 0.000000 0.000000 0.000000
MultiFemale 0.000000 0.000000 382491.268396 473965546.935458 171857700.166813 59841547.183651 20531582.998732 7117332.199097 2417842.495458 1313417.205013
*end

*partition[PartitionAutumn]
year: 2017
time_step: SummerAutumn
values {dataframe_with_row_labels}
category 1 2 3 4 5 6 7 8 9 10
Male 6482969929.798768 2229320121.474508 44324812.608581 311.512169 0.000015 0.000000 0.000000 0.000000 0.000000 0.000000
PrimiFemale 0.000000 938320.353133 735623107.750513 24897757.639826 175.379562 0.000008 0.000000 0.000000 0.000000 0.000000
MultiFemale 0.000000 0.000000 256243.742034 316823779.146608 137433898.714192 45937242.512386 15995507.784250 5488044.864068 1902446.510020 997357.127161
*end

*partition[PartitionAutumn]
year: 2018
time_step: SummerAutumn
values {dataframe_with_row_labels}
category 1 2 3 4 5 6 7 8 9 10
Male 4457390238.543057 1732644932.895587 44010896.842678 196.185772 0.000010 0.000000 0.000000 0.000000 0.000000 0.000000
PrimiFemale 0.000000 731322.680436 732470216.358675 15724397.780509 110.511957 0.000005 0.000000 0.000000 0.000000 0.000000
MultiFemale 0.000000 0.000000 271366.892844 212819952.647968 98827560.700236 39746614.824192 13285278.023411 4625980.063607 1587169.752395 838637.572180
*end

*partition[PartitionAutumn]
year: 2019
time_step: SummerAutumn
values {dataframe_with_row_labels}
category 1 2 3 4 5 6 7 8 9 10
Male 3710158779.552515 1171655916.589550 33641734.158494 191.585147 0.000006 0.000000 0.000000 0.000000 0.000000 0.000000
PrimiFemale 0.000000 493255.067456 558444007.699713 15315806.123048 68.273834 0.000003 0.000000 0.000000 0.000000 0.000000
MultiFemale 0.000000 0.000000 196676.692098 197058281.674985 61463083.318013 26578007.194018 10689170.368765 3572847.670594 1244077.998620 652379.275288
*end

*partition[PartitionAutumn]
year: 2020
time_step: SummerAutumn
values {dataframe_with_row_labels}
category 1 2 3 4 5 6 7 8 9 10
Male 3061898804.354099 913779888.132420 21315078.460902 137.213877 0.000005 0.000000 0.000000 0.000000 0.000000 0.000000
PrimiFemale 0.000000 380608.302299 350067039.809528 10852732.186860 61.805865 0.000002 0.000000 0.000000 0.000000 0.000000
MultiFemale 0.000000 0.000000 95040.598376 107639127.147095 40920330.505695 11842746.462798 5121061.848169 2059593.940375 688417.824618 365410.202548
*end

*partition[PartitionAutumn]
year: 2021
time_step: SummerAutumn
values {dataframe_with_row_labels}
category 1 2 3 4 5 6 7 8 9 10
Male 2194407923.790190 701973296.148365 15473743.703923 80.923295 0.000004 0.000000 0.000000 0.000000 0.000000 0.000000
PrimiFemale 0.000000 288688.735516 250916561.190974 6319522.239265 40.682018 0.000002 0.000000 0.000000 0.000000 0.000000
MultiFemale 0.000000 0.000000 43498.936758 40019300.942150 13542189.869207 4676707.119970 1353483.033126 585275.581544 235386.737543 120439.828640
*end

*partition[PartitionAutumn]
year: 2022
time_step: SummerAutumn
values {dataframe_with_row_labels}
category 1 2 3 4 5 6 7 8 9 10
Male 1492678790.547678 485554752.177862 11472506.887410 56.697767 0.000002 0.000000 0.000000 0.000000 0.000000 0.000000
PrimiFemale 0.000000 198349.984079 184788636.382233 4398044.787797 23.000906 0.000001 0.000000 0.000000 0.000000 0.000000
MultiFemale 0.000000 0.000000 22373.953770 19449906.049997 3591351.376339 1049549.923580 362454.145335 104897.639175 45360.026885 27577.269781
*end

*partition[PartitionAutumn]
year: 2023
time_step: SummerAutumn
values {dataframe_with_row_labels}
category 1 2 3 4 5 6 7 8 9 10
Male 1041043566.238660 376703004.154682 9051344.971357 47.947509 0.000002 0.000000 0.000000 0.000000 0.000000 0.000000
PrimiFemale 0.000000 157547.731969 149263863.132264 3807889.829659 18.819113 0.000001 0.000000 0.000000 0.000000 0.000000
MultiFemale 0.000000 0.000000 43765.438157 40778096.762059 5261991.940157 792427.959773 231580.619913 79974.619388 23145.407152 16093.435860
*end

*estimate_value[EstimateValues]
values {dataframe}
parameter_transformation[logRecruitment].log_parameter selectivity[TransitionMale].a50 selectivity[TransitionMale].ato95 age_length[AgeLength].Linf age_length[AgeLength].k time_varying[M_time_var_Male].values{1994} time_varying[M_time_var_Male].values{2015} time_varying[M_time_var_Primi].values{1994} time_varying[M_time_var_Primi].values{2015} catchability[SurveyqM].q selectivity[SurveyMale].a50 selectivity[SurveyMale].ato95 selectivity[FishingMale].a50 selectivity[FishingMale].ato95 selectivity[FishingPrimiFemale].alpha selectivity[FishingMultiFemale].alpha 
11.4901 17.8023 1.00187 27.6987 0.575347 0.588755 1.24234 0.736717 0.948014 0.955912 20.0015 6.099 15.8084 1.00319 1.14174 3.42711 
*end

*estimate_summary[EstimateSummary]
parameter_transformation[logRecruitment].log_parameter {list}
value: 11.4901
initial_value: 11.6263
phase: 1
hyperparameters: none
hyperparameter_values: 0
std_dev: 0.0576061
estimation_phase: 
label: 
lower_bound: 10 
mcmc_fixed: 
parameter: parameter_transformation[logRecruitment].log_parameter 
same: 
type: uniform 
upper_bound: 13 
{end_list}

selectivity[TransitionMale].a50 {list}
value: 17.8023
initial_value: 17.8
phase: 1
hyperparameters: none
hyperparameter_values: 0
std_dev: 0.273587
estimation_phase: 
label: 
lower_bound: 1 
mcmc_fixed: 
parameter: selectivity[TransitionMale].a50 
same: 
type: uniform 
upper_bound: 30 
{end_list}

selectivity[TransitionMale].ato95 {list}
value: 1.00187
initial_value: 3.82
phase: 1
hyperparameters: none
hyperparameter_values: 0
std_dev: 0.074651
estimation_phase: 
label: 
lower_bound: 1 
mcmc_fixed: 
parameter: selectivity[TransitionMale].ato95 
same: 
type: uniform 
upper_bound: 40 
{end_list}

age_length[AgeLength].Linf {list}
value: 27.6987
initial_value: 25.99
phase: 1
hyperparameters: none
hyperparameter_values: 0
std_dev: 0.284576
estimation_phase: 
label: 
lower_bound: 10 
mcmc_fixed: 
parameter: age_length[AgeLength].Linf 
same: 
type: uniform 
upper_bound: 30 
{end_list}

age_length[AgeLength].k {list}
value: 0.575347
initial_value: 0.377
phase: 1
hyperparameters: none
hyperparameter_values: 0
std_dev: 0.0184037
estimation_phase: 
label: 
lower_bound: 0.2 
mcmc_fixed: 
parameter: age_length[AgeLength].k 
same: 
type: uniform 
upper_bound: 0.8 
{end_list}

time_varying[M_time_var_Male].values{1994} {list}
value: 0.588755
initial_value: 0.8
phase: 1
hyperparameters: mu cv
hyperparameter_values: 0.8 0.3
std_dev: 0.0354972
cv: 0.3 
estimation_phase: 
label: M_varying_94_04_Male 
lower_bound: 0.2 
mcmc_fixed: 
mu: 0.8 
parameter: time_varying[M_time_var_Male].values{1994} 
same: 
type: normal 
upper_bound: 1.5 
{end_list}

time_varying[M_time_var_Male].values{2015} {list}
value: 1.24234
initial_value: 0.8
phase: 1
hyperparameters: mu cv
hyperparameter_values: 0.8 0.3
std_dev: 0.0415003
cv: 0.3 
estimation_phase: 
label: M_varying_15_23_Male 
lower_bound: 0.2 
mcmc_fixed: 
mu: 0.8 
parameter: time_varying[M_time_var_Male].values{2015} 
same: 
type: normal 
upper_bound: 1.5 
{end_list}

time_varying[M_time_var_Primi].values{1994} {list}
value: 0.736717
initial_value: 0.8
phase: 1
hyperparameters: mu cv
hyperparameter_values: 0.8 0.3
std_dev: 0.0726666
cv: 0.3 
estimation_phase: 
label: M_varying_94_04_Female 
lower_bound: 0.2 
mcmc_fixed: 
mu: 0.8 
parameter: time_varying[M_time_var_Primi].values{1994} 
same: 
type: normal 
upper_bound: 1.5 
{end_list}

time_varying[M_time_var_Primi].values{2015} {list}
value: 0.948014
initial_value: 0.8
phase: 1
hyperparameters: mu cv
hyperparameter_values: 0.8 0.3
std_dev: 0.0765669
cv: 0.3 
estimation_phase: 
label: M_varying_15_23_Female 
lower_bound: 0.2 
mcmc_fixed: 
mu: 0.8 
parameter: time_varying[M_time_var_Primi].values{2015} 
same: 
type: normal 
upper_bound: 1.5 
{end_list}

catchability[SurveyqM].q {list}
value: 0.955912
initial_value: 0.5
phase: 1
hyperparameters: mu cv
hyperparameter_values: 0.8 0.1
std_dev: 0.0661785
cv: 0.1 
estimation_phase: 
label: SurveyqM 
lower_bound: 1e-6 
mcmc_fixed: 
mu: 0.8 
parameter: catchability[SurveyqM].q 
same: 
type: normal 
upper_bound: 10 
{end_list}

selectivity[SurveyMale].a50 {list}
value: 20.0015
initial_value: 17.94
phase: 1
hyperparameters: none
hyperparameter_values: 0
std_dev: 0.475465
estimation_phase: 
label: 
lower_bound: 1 
mcmc_fixed: 
parameter: selectivity[SurveyMale].a50 
same: 
type: uniform 
upper_bound: 40 
{end_list}

selectivity[SurveyMale].ato95 {list}
value: 6.099
initial_value: 3.12
phase: 1
hyperparameters: none
hyperparameter_values: 0
std_dev: 0.47055
estimation_phase: 
label: 
lower_bound: 1 
mcmc_fixed: 
parameter: selectivity[SurveyMale].ato95 
same: 
type: uniform 
upper_bound: 40 
{end_list}

selectivity[FishingMale].a50 {list}
value: 15.8084
initial_value: 19.8
phase: 1
hyperparameters: none
hyperparameter_values: 0
std_dev: 0.19422
estimation_phase: 
label: 
lower_bound: 1 
mcmc_fixed: 
parameter: selectivity[FishingMale].a50 
same: 
type: uniform 
upper_bound: 30 
{end_list}

selectivity[FishingMale].ato95 {list}
value: 1.00319
initial_value: 3.8
phase: 1
hyperparameters: none
hyperparameter_values: 0
std_dev: 0.00210724
estimation_phase: 
label: 
lower_bound: 1 
mcmc_fixed: 
parameter: selectivity[FishingMale].ato95 
same: 
type: uniform 
upper_bound: 40 
{end_list}

selectivity[FishingPrimiFemale].alpha {list}
value: 1.14174
initial_value: 1
phase: 1
hyperparameters: none
hyperparameter_values: 0
std_dev: 0.177358
estimation_phase: 
label: 
lower_bound: 0.1 
mcmc_fixed: 
parameter: selectivity[FishingPrimiFemale].alpha 
same: 
type: uniform 
upper_bound: 100 
{end_list}

selectivity[FishingMultiFemale].alpha {list}
value: 3.42711
initial_value: 1
phase: 1
hyperparameters: none
hyperparameter_values: 0
std_dev: 0.418654
estimation_phase: 
label: 
lower_bound: 0.1 
mcmc_fixed: 
parameter: selectivity[FishingMultiFemale].alpha 
same: 
type: uniform 
upper_bound: 100 
{end_list}

*end

*Estimation_result[EstimationResult]
minimiser_values: 11.4901 17.8023 1.00187 27.6987 0.575347 0.588755 1.24234 0.736717 0.948014 0.955912 20.0015 6.099 15.8084 1.00319 1.14174 3.42711 
minimiser: betadiff
type: betadiff
Result {string}
Success
Message {string}
Convergence
*end

*objective_function[ObjectiveFunction]
values {vector}
observation->SurveyLF->1990 27.498
observation->SurveyLF->1991 34.9208
observation->SurveyLF->1992 44.1844
observation->SurveyLF->1993 31.3385
observation->SurveyLF->1994 25.9227
observation->SurveyLF->1995 27.8543
observation->SurveyLF->1996 26.8554
observation->SurveyLF->1997 28.6487
observation->SurveyLF->1998 38.5458
observation->SurveyLF->1999 30.4051
observation->SurveyLF->2000 24.616
observation->SurveyLF->2009 23.4879
observation->SurveyLF->2010 24.39
observation->SurveyLF->2011 22.0709
observation->SurveyLF->2012 23.0121
observation->SurveyLF->2013 26.3023
observation->SurveyLF->2014 30.24
observation->SurveyLF->2015 25.2988
observation->SurveyLF->2016 22.898
observation->SurveyLF->2017 24.5995
observation->SurveyLF->2018 26.5191
observation->SurveyLF->2019 24.7149
observation->SurveyLF->2020 23.1497
observation->SurveyLF->2021 22.3071
observation->SurveyLF->2022 26.4974
observation->SurveyLF->2023 26.1199
observation->SurveyBioMale->1990 0.104803
observation->SurveyBioMale->1991 3.34256
observation->SurveyBioMale->1992 -0.128515
observation->SurveyBioMale->1993 -0.378137
observation->SurveyBioMale->1994 -1.50786
observation->SurveyBioMale->1995 -1.44429
observation->SurveyBioMale->1996 -1.45295
observation->SurveyBioMale->1997 -0.100033
observation->SurveyBioMale->1998 -1.49223
observation->SurveyBioMale->1999 -1.69268
observation->SurveyBioMale->2000 -1.05403
observation->SurveyBioMale->2001 -0.56627
observation->SurveyBioMale->2002 -1.4579
observation->SurveyBioMale->2003 3.70758
observation->SurveyBioMale->2004 -1.21072
observation->SurveyBioMale->2005 -1.04946
observation->SurveyBioMale->2006 0.78205
observation->SurveyBioMale->2007 -1.30765
observation->SurveyBioMale->2008 -1.16162
observation->SurveyBioMale->2009 -1.49411
observation->SurveyBioMale->2010 -1.36697
observation->SurveyBioMale->2011 1.33753
observation->SurveyBioMale->2012 -0.599926
observation->SurveyBioMale->2013 -1.04408
observation->SurveyBioMale->2014 -1.42999
observation->SurveyBioMale->2015 -1.57588
observation->SurveyBioMale->2016 -1.22327
observation->SurveyBioMale->2017 1.8708
observation->SurveyBioMale->2018 1.51954
observation->SurveyBioMale->2019 -0.634026
observation->SurveyBioMale->2020 1.91881
observation->SurveyBioMale->2021 -0.97318
observation->SurveyBioMale->2022 7.762
observation->SurveyBioMale->2023 2.18082
observation->SurveyBioFemale->1990 -0.190159
observation->SurveyBioFemale->1991 -1.57091
observation->SurveyBioFemale->1992 0.188771
observation->SurveyBioFemale->1993 -1.32669
observation->SurveyBioFemale->1994 -1.79891
observation->SurveyBioFemale->1995 -1.63896
observation->SurveyBioFemale->1996 1.61202
observation->SurveyBioFemale->1997 -1.10279
observation->SurveyBioFemale->1998 2.14393
observation->SurveyBioFemale->1999 -2.05404
observation->SurveyBioFemale->2000 1.60279
observation->SurveyBioFemale->2001 -0.743516
observation->SurveyBioFemale->2002 -1.9501
observation->SurveyBioFemale->2003 4.36729
observation->SurveyBioFemale->2004 -1.55838
observation->SurveyBioFemale->2005 -1.87756
observation->SurveyBioFemale->2006 -1.55172
observation->SurveyBioFemale->2007 -0.544441
observation->SurveyBioFemale->2008 -1.41422
observation->SurveyBioFemale->2009 -0.419442
observation->SurveyBioFemale->2010 -1.96097
observation->SurveyBioFemale->2011 1.04156
observation->SurveyBioFemale->2012 2.67467
observation->SurveyBioFemale->2013 -0.39734
observation->SurveyBioFemale->2014 -1.27363
observation->SurveyBioFemale->2015 -1.95709
observation->SurveyBioFemale->2016 -1.48373
observation->SurveyBioFemale->2017 -0.205032
observation->SurveyBioFemale->2018 0.132971
observation->SurveyBioFemale->2019 -1.45206
observation->SurveyBioFemale->2020 2.62738
observation->SurveyBioFemale->2021 -1.31892
observation->SurveyBioFemale->2022 -1.06641
observation->SurveyBioFemale->2023 0.914934
observation->FisheryLF->1990 14.7321
observation->FisheryLF->1991 17.3713
observation->FisheryLF->1992 19.7316
observation->FisheryLF->1993 16.3698
observation->FisheryLF->1994 14.692
observation->FisheryLF->1995 14.1662
observation->FisheryLF->1996 13.6973
observation->FisheryLF->1997 14.7296
observation->FisheryLF->1998 16.2343
observation->FisheryLF->1999 16.3125
observation->FisheryLF->2000 14.9303
observation->FisheryLF->2001 15.9087
observation->FisheryLF->2002 15.7843
observation->FisheryLF->2003 14.8455
observation->FisheryLF->2004 14.8397
observation->FisheryLF->2005 14.9303
observation->FisheryLF->2006 14.7898
observation->FisheryLF->2007 15.4251
observation->FisheryLF->2008 15.4146
observation->FisheryLF->2009 15.1359
observation->FisheryLF->2010 16.0109
observation->FisheryLF->2011 15.6598
observation->FisheryLF->2012 14.9126
observation->FisheryLF->2013 15.2962
observation->FisheryLF->2014 15.894
observation->FisheryLF->2015 14.4972
observation->FisheryLF->2016 14.2802
observation->FisheryLF->2017 15.1754
observation->FisheryLF->2018 15.7451
observation->FisheryLF->2019 14.6874
observation->FisheryLF->2020 14.8475
observation->FisheryLF->2021 14.5015
observation->FisheryLF->2022 14.3304
penalty->FisheryCatchMustBeTaken 0.129039
prior->parameter_transformation[logRecruitment].log_parameter 0
prior->selectivity[TransitionMale].a50 0
prior->selectivity[TransitionMale].ato95 0
prior->age_length[AgeLength].Linf 0
prior->age_length[AgeLength].k 0
prior->M_varying_94_04_Male->time_varying[M_time_var_Male].values{1994} 0.387365
prior->M_varying_15_23_Male->time_varying[M_time_var_Male].values{2015} 1.69844
prior->M_varying_94_04_Female->time_varying[M_time_var_Primi].values{1994} 0.0347631
prior->M_varying_15_23_Female->time_varying[M_time_var_Primi].values{2015} 0.190174
prior->SurveyqM->catchability[SurveyqM].q 1.8991
prior->selectivity[SurveyMale].a50 0
prior->selectivity[SurveyMale].ato95 0
prior->selectivity[FishingMale].a50 0
prior->selectivity[FishingMale].ato95 0
prior->selectivity[FishingPrimiFemale].alpha 0
prior->selectivity[FishingMultiFemale].alpha 0
jacobian->logRecruitment 0
total_score 1207.25
*end

*hessian_matrix[Hessian]
hessian_matrix {matrix}
15647.3 412.703 358.001 -173.865 3611.27 -27778.5 -9838.32 -13349.2 -6171.44 4087.26 -345.85 -84.494 110.509 -3786.57 68.8955 -80.7637 
412.703 52.0188 67.0514 13.6815 616.802 -710.403 -222.88 -295.209 -120.446 136.681 -32.438 3.91844 -0.150424 -883.806 -3.90161 -1.80747 
358.001 67.0514 352.723 16.6845 814.762 -546.16 -108.589 -219.483 -66.9844 103.749 -43.9778 7.75885 10.5132 -6578.2 0.922927 0.780251 
-173.865 13.6815 16.6845 113.199 1812.37 309.658 270.814 133.569 163.409 1.75713 1.49311 -4.23628 -34.4573 241.558 -4.33772 0.534918 
3611.27 616.802 814.762 1812.37 39852.7 -6016.59 360.186 -2708.54 359.081 2032.95 -328.228 -52.2615 -961.796 -2332.94 -112.295 -20.2941 
-27778.5 -710.403 -546.16 309.658 -6016.59 53552.7 15460.6 25681.2 9808.61 -7735.3 603.739 180.612 -189.353 1418.36 -106.224 111.858 
-9838.32 -222.88 -108.589 270.814 360.186 15460.6 12140.2 7203.61 7203.77 -551.501 42.3599 12.6091 -61.5592 2651.69 -155.448 159.866 
-13349.2 -295.209 -219.483 133.569 -2708.54 25681.2 7203.61 12670.6 4549.78 -3776.32 256.849 102.701 -95.9841 3266.53 -42.3334 43.4567 
-6171.44 -120.446 -66.9844 163.409 359.081 9808.61 7203.77 4549.78 4545.26 -382.568 16.5017 9.22061 -38.2577 240.27 -86.5532 91.5095 
4087.26 136.681 103.749 1.75713 2032.95 -7735.3 -551.501 -3776.32 -382.568 2102.24 -188.356 -28.6628 32.3012 651.063 -32.0662 25.3753 
-345.85 -32.438 -43.9778 1.49311 -328.228 603.739 42.3599 256.849 16.5017 -188.356 39.9237 -8.43294 -3.77497 525.058 3.27047 -3.55969 
-84.494 3.91844 7.75885 -4.23628 -52.2615 180.612 12.6091 102.701 9.22061 -28.6628 -8.43294 11.7602 1.11553 -117.491 1.43424 -0.290733 
110.509 -0.150424 10.5132 -34.4573 -961.796 -189.353 -61.5592 -95.9841 -38.2577 32.3012 -3.77497 1.11553 72.2045 -907.407 8.09355 3.509 
-3786.57 -883.806 -6578.2 241.558 -2332.94 1418.36 2651.69 3266.53 240.27 651.063 525.058 -117.491 -907.407 414894 -609.71 87.8999 
68.8955 -3.90161 0.922927 -4.33772 -112.295 -106.224 -155.448 -42.3334 -86.5532 -32.0662 3.27047 1.43424 8.09355 -609.71 45.7598 -9.99985 
-80.7637 -1.80747 0.780251 0.534918 -20.2941 111.858 159.866 43.4567 91.5095 25.3753 -3.55969 -0.290733 3.509 87.8999 -9.99985 10.91 
*end

*covariance_matrix[Covariance]
covariance_matrix {matrix}
0.00331846 0.001119 -0.000197487 -0.000225838 -3.68203e-05 0.000268431 0.000215249 0.00127452 0.00204074 -0.00194464 0.00848665 0.00784826 -0.000980102 8.06301e-06 0.000503874 0.00482104 
0.001119 0.0748497 -0.00503707 -0.00428257 -0.000581432 0.00200178 0.00167568 -0.00275053 -0.000983184 0.00273388 0.0654416 0.0281617 -0.00876958 8.15602e-06 0.0121457 0.0239286 
-0.000197487 -0.00503707 0.00557277 0.00145843 -0.000121082 0.000176093 -0.000527538 -0.000444423 0.000589741 0.000449471 0.000765018 0.000305085 -0.000840151 7.71586e-05 5.36324e-05 -0.00133332 
-0.000225838 -0.00428257 0.00145843 0.0809833 -0.00477292 -0.00167032 -0.00224535 0.00299196 0.00101538 0.000630484 -0.0393941 -0.0164756 -0.0301361 -9.13019e-05 -0.00106326 0.00895295 
-3.68203e-05 -0.000581432 -0.000121082 -0.00477292 0.000338695 6.17817e-05 0.000115481 -0.000140569 -7.76676e-05 -5.41754e-05 0.00202145 0.00112989 0.00256475 4.81895e-06 -0.000131779 -0.000779272 
0.000268431 0.00200178 0.000176093 -0.00167032 6.17817e-05 0.00126005 0.000328436 -0.0022152 -0.000502825 -0.000289115 -0.00248267 -0.00152324 0.000363356 2.75292e-05 0.000663631 -0.00209617 
0.000215249 0.00167568 -0.000527538 -0.00224535 0.000115481 0.000328436 0.00172228 -0.00055867 -0.00244337 -0.000534955 -0.00158193 -0.00170311 0.00076332 -1.99654e-06 0.00038242 -0.00284727 
0.00127452 -0.00275053 -0.000444423 0.00299196 -0.000140569 -0.0022152 -0.00055867 0.00528044 0.00175469 0.000343661 0.0106225 0.00625752 -0.00127144 -5.2794e-05 -0.000767689 0.00671423 
0.00204074 -0.000983184 0.000589741 0.00101538 -7.76676e-05 -0.000502825 -0.00244337 0.00175469 0.0058625 -0.00110386 0.010596 0.0103412 -0.000924696 1.25679e-05 -0.000288458 0.00573615 
-0.00194464 0.00273388 0.000449471 0.000630484 -5.41754e-05 -0.000289115 -0.000534955 0.000343661 -0.00110386 0.00437959 0.0105291 0.0056558 -0.000622459 -2.20725e-05 0.000522736 -0.00115671 
0.00848665 0.0654416 0.000765018 -0.0393941 0.00202145 -0.00248267 -0.00158193 0.0106225 0.010596 0.0105291 0.226067 0.159062 0.0072506 -4.76773e-05 0.00952984 0.0570474 
0.00784826 0.0281617 0.000305085 -0.0164756 0.00112989 -0.00152324 -0.00170311 0.00625752 0.0103412 0.0056558 0.159062 0.221418 0.00346537 -3.35112e-05 0.000995439 0.0392732 
-0.000980102 -0.00876958 -0.000840151 -0.0301361 0.00256475 0.000363356 0.00076332 -0.00127144 -0.000924696 -0.000622459 0.0072506 0.00346537 0.0377214 6.54585e-05 -0.00633167 -0.0190472 
8.06301e-06 8.15602e-06 7.71586e-05 -9.13019e-05 4.81895e-06 2.75292e-05 -1.99654e-06 -5.2794e-05 1.25679e-05 -2.20725e-05 -4.76773e-05 -3.35112e-05 6.54585e-05 4.44047e-06 4.59032e-05 -5.90263e-05 
0.000503874 0.0121457 5.36324e-05 -0.00106326 -0.000131779 0.000663631 0.00038242 -0.000767689 -0.000288458 0.000522736 0.00952984 0.000995439 -0.00633167 4.59032e-05 0.031456 0.0310334 
0.00482104 0.0239286 -0.00133332 0.00895295 -0.000779272 -0.00209617 -0.00284727 0.00671423 0.00573615 -0.00115671 0.0570474 0.0392732 -0.0190472 -5.90263e-05 0.0310334 0.175271 
*end

*correlation_matrix[Correlation]
correlation_matrix {matrix}
1 0.0710014 -0.0459235 -0.0137762 -0.0347308 0.131271 0.0900371 0.304469 0.462676 -0.510099 0.309849 0.289534 -0.087601 0.0664224 0.0493177 0.199902 
0.0710014 1 -0.246631 -0.0550062 -0.115478 0.206123 0.147586 -0.138352 -0.0469352 0.150996 0.503084 0.218755 -0.16504 0.0141471 0.250309 0.208914 
-0.0459235 -0.246631 1 0.0686518 -0.0881334 0.0664525 -0.170281 -0.0819267 0.103177 0.0909807 0.0215535 0.00868519 -0.0579466 0.490495 0.00405079 -0.0426623 
-0.0137762 -0.0550062 0.0686518 1 -0.911342 -0.165351 -0.190123 0.144685 0.0466002 0.033478 -0.291148 -0.123038 -0.545249 -0.152254 -0.0210663 0.0751474 
-0.0347308 -0.115478 -0.0881334 -0.911342 1 0.0945716 0.1512 -0.105112 -0.055118 -0.0444816 0.231015 0.130474 0.717541 0.124261 -0.0403729 -0.101142 
0.131271 0.206123 0.0664525 -0.165351 0.0945716 1 0.222949 -0.858782 -0.185004 -0.123072 -0.147098 -0.0911945 0.0527041 0.368031 0.10541 -0.141051 
0.0900371 0.147586 -0.170281 -0.190123 0.1512 0.222949 1 -0.185255 -0.768946 -0.194782 -0.080171 -0.087214 0.0947024 -0.0228303 0.0519562 -0.163879 
0.304469 -0.138352 -0.0819267 0.144685 -0.105112 -0.858782 -0.185255 1 0.315372 0.0714625 0.307449 0.183004 -0.0900883 -0.344775 -0.0595661 0.220702 
0.462676 -0.0469352 0.103177 0.0466002 -0.055118 -0.185004 -0.768946 0.315372 1 -0.217849 0.291059 0.287029 -0.0621819 0.0778946 -0.0212417 0.178947 
-0.510099 0.150996 0.0909807 0.033478 -0.0444816 -0.123072 -0.194782 0.0714625 -0.217849 1 0.334622 0.181623 -0.0484284 -0.158278 0.0445363 -0.0417497 
0.309849 0.503084 0.0215535 -0.291148 0.231015 -0.147098 -0.080171 0.307449 0.291059 0.334622 1 0.710955 0.0785166 -0.047586 0.11301 0.286591 
0.289534 0.218755 0.00868519 -0.123038 0.130474 -0.0911945 -0.087214 0.183004 0.287029 0.181623 0.710955 1 0.0379183 -0.0337963 0.0119277 0.199359 
-0.087601 -0.16504 -0.0579466 -0.545249 0.717541 0.0527041 0.0947024 -0.0900883 -0.0621819 -0.0484284 0.0785166 0.0379183 1 0.15994 -0.183812 -0.234251 
0.0664224 0.0141471 0.490495 -0.152254 0.124261 0.368031 -0.0228303 -0.344775 0.0778946 -0.158278 -0.047586 -0.0337963 0.15994 1 0.122822 -0.0669078 
0.0493177 0.250309 0.00405079 -0.0210663 -0.0403729 0.10541 0.0519562 -0.0595661 -0.0212417 0.0445363 0.11301 0.0119277 -0.183812 0.122822 1 0.417949 
0.199902 0.208914 -0.0426623 0.0751474 -0.101142 -0.141051 -0.163879 0.220702 0.178947 -0.0417497 0.286591 0.199359 -0.234251 -0.0669078 0.417949 1 
*end

*Category_list[CategoryList]
Male {list}
min_age: 1
max_age: 10
years: 1990 1991 1992 1993 1994 1995 1996 1997 1998 1999 2000 2001 2002 2003 2004 2005 2006 2007 2008 2009 2010 2011 2012 2013 2014 2015 2016 2017 2018 2019 2020 2021 2022 2023 
{end_list}
PrimiFemale {list}
min_age: 1
max_age: 10
years: 1990 1991 1992 1993 1994 1995 1996 1997 1998 1999 2000 2001 2002 2003 2004 2005 2006 2007 2008 2009 2010 2011 2012 2013 2014 2015 2016 2017 2018 2019 2020 2021 2022 2023 
{end_list}
MultiFemale {list}
min_age: 1
max_age: 10
