*mcmc_objective[MCMCObjective]
starting_covariance_matrix {matrix}
parameter_transformation[logRecruitment].log_parameter selectivity[TransitionMale].a50 selectivity[TransitionMale].ato95 age_length[AgeLength].Linf age_length[AgeLength].k time_varying[M_time_var_Male].values{1994} time_varying[M_time_var_Male].values{2015} time_varying[M_time_var_Primi].values{1994} time_varying[M_time_var_Primi].values{2015} catchability[SurveyqM].q selectivity[SurveyMale].a50 selectivity[SurveyMale].ato95 selectivity[FishingMale].a50 selectivity[FishingMale].ato95 selectivity[FishingPrimiFemale].alpha selectivity[FishingMultiFemale].alpha
0.00331846 0.001119 -0.000197487 -0.000225838 -3.68203e-05 0.000268431 0.000215249 0.00127452 0.00204074 -0.00194464 0.00848665 0.00784826 -0.000980102 8.06301e-06 0.000503874 0.00482104
0.001119 0.0748497 -0.00503707 -0.00428257 -0.000581432 0.00200178 0.00167568 -0.00275053 -0.000983184 0.00273388 0.0654416 0.0281617 -0.00876958 8.15602e-06 0.0121457 0.0239286
-0.000197487 -0.00503707 0.00557277 0.00145843 -0.000121082 0.000176093 -0.000527538 -0.000444423 0.000589741 0.000449471 0.000765018 0.000305085 -0.000840151 7.71586e-05 5.36324e-05 -0.00133332
-0.000225838 -0.00428257 0.00145843 0.0809833 -0.00418979 -0.00167032 -0.00224535 0.00299196 0.00101538 0.000630484 -0.0393941 -0.0164756 -0.0301361 -9.13019e-05 -0.00106326 0.00895295
-3.68203e-05 -0.000581432 -0.000121082 -0.00418979 0.000338695 6.17817e-05 0.000115481 -0.000140569 -7.76676e-05 -5.41754e-05 0.00202145 0.00112989 0.00256475 4.81895e-06 -0.000131779 -0.000779272
0.000268431 0.00200178 0.000176093 -0.00167032 6.17817e-05 0.00126005 0.000328436 -0.00206357 -0.000502825 -0.000289115 -0.00248267 -0.00152324 0.000363356 2.75292e-05 0.000663631 -0.00209617
0.000215249 0.00167568 -0.000527538 -0.00224535 0.000115481 0.000328436 0.00172228 -0.00055867 -0.00244337 -0.000534955 -0.00158193 -0.00170311 0.00076332 -1.99654e-06 0.00038242 -0.00284727
0.00127452 -0.00275053 -0.000444423 0.00299196 -0.000140569 -0.00206357 -0.00055867 0.00528044 0.00175469 0.000343661 0.0106225 0.00625752 -0.00127144 -5.2794e-05 -0.000767689 0.00671423
0.00204074 -0.000983184 0.000589741 0.00101538 -7.76676e-05 -0.000502825 -0.00244337 0.00175469 0.0058625 -0.00110386 0.010596 0.0103412 -0.000924696 1.25679e-05 -0.000288458 0.00573615
-0.00194464 0.00273388 0.000449471 0.000630484 -5.41754e-05 -0.000289115 -0.000534955 0.000343661 -0.00110386 0.00437959 0.0105291 0.0056558 -0.000622459 -2.20725e-05 0.000522736 -0.00115671
0.00848665 0.0654416 0.000765018 -0.0393941 0.00202145 -0.00248267 -0.00158193 0.0106225 0.010596 0.0105291 0.226067 0.159062 0.0072506 -4.76773e-05 0.00952984 0.0570474
0.00784826 0.0281617 0.000305085 -0.0164756 0.00112989 -0.00152324 -0.00170311 0.00625752 0.0103412 0.0056558 0.159062 0.221418 0.00346537 -3.35112e-05 0.000995439 0.0392732
-0.000980102 -0.00876958 -0.000840151 -0.0301361 0.00256475 0.000363356 0.00076332 -0.00127144 -0.000924696 -0.000622459 0.0072506 0.00346537 0.0377214 6.54585e-05 -0.00633167 -0.0190472
8.06301e-06 8.15602e-06 7.71586e-05 -9.13019e-05 4.81895e-06 2.75292e-05 -1.99654e-06 -5.2794e-05 1.25679e-05 -2.20725e-05 -4.76773e-05 -3.35112e-05 6.54585e-05 0.0039 4.59032e-05 -5.90263e-05
0.000503874 0.0121457 5.36324e-05 -0.00106326 -0.000131779 0.000663631 0.00038242 -0.000767689 -0.000288458 0.000522736 0.00952984 0.000995439 -0.00633167 4.59032e-05 0.031456 0.0310334
0.00482104 0.0239286 -0.00133332 0.00895295 -0.000779272 -0.00209617 -0.00284727 0.00671423 0.00573615 -0.00115671 0.0570474 0.0392732 -0.0190472 -5.90263e-05 0.0310334 0.175271
samples {dataframe}
sample state objective_score prior likelihood penalties additional_priors jacobians step_size acceptance_rate acceptance_rate_since_adapt
1 initialisation 1218.4 2.6706 1215.73 0 0 0 0.02 0 0
1000 burn_in 1214.58 3.00832 1211.58 0 0 0 0.02 0.903 0.903
2000 burn_in 1212.77 4.78518 1207.98 0 0 0 0.02 0.904 0.904
3000 burn_in 1210.74 3.91846 1206.82 0.00600281 0 0 0.02 0.909333 0.909333
4000 burn_in 1212.28 3.17875 1209.11 0 0 0 0.02 0.91275 0.91275
5000 burn_in 1215.82 2.79725 1213.03 0 0 0 0.02 0.9112 0.9112
6000 burn_in 1224.2 3.63026 1220.57 0 0 0 0.02 0.9095 0.9095
7000 burn_in 1214.55 4.53803 1210.01 0 0 0 0.02 0.909571 0.909571
8000 burn_in 1217.57 2.7828 1214.79 0 0 0 0.02 0.91 0.91
9000 burn_in 1220.56 3.4994 1217.06 0 0 0 0.02 0.908667 0.908667
10000 burn_in 1216.12 5.5532 1210.08 0.484 0 0 0.02 0.9072 0.9072
11000 burn_in 1214.72 3.22591 1211.49 0 0 0 0.02 0.906 0.906
12000 burn_in 1215.7 5.68098 1210.02 0 0 0 0.02 0.904583 0.904583
13000 burn_in 1211.88 5.17556 1205.99 0.711578 0 0 0.02 0.905385 0.905385
14000 burn_in 1213.93 5.83222 1207.15 0.948541 0 0 0.02 0.905571 0.905571
15000 burn_in 1216.26 6.46912 1209.69 0.102171 0 0 0.02 0.9044 0.9044
16000 burn_in 1210.83 4.83346 1204.25 1.74547 0 0 0.02 0.904125 0.904125
17000 burn_in 1213.58 4.35947 1208.98 0.243073 0 0 0.02 0.905118 0.905118
18000 burn_in 1217.25 2.6494 1214.6 0 0 0 0.02 0.9045 0.9045
19000 burn_in 1216.21 6.04735 1210.16 0 0 0 0.02 0.904579 0.904579
20000 burn_in 1215.66 3.25207 1210.64 1.7698 0 0 0.02 0.90345 0.90345
21000 burn_in 1215.33 4.32248 1210.97 0.0313106 0 0 0.02 0.903619 0.903619
22000 burn_in 1215.59 2.83505 1212.76 0 0 0 0.02 0.902682 0.902682
23000 burn_in 1216.18 3.06288 1212.88 0.24181 0 0 0.02 0.901696 0.901696
24000 burn_in 1212.88 4.6132 1208.26 0 0 0 0.02 0.901375 0.901375
25000 burn_in 1214.83 4.24503 1210.58 0 0 0 0.02 0.90176 0.90176
26000 burn_in 1216.07 3.42772 1212.65 0 0 0 0.02 0.901462 0.901462
27000 burn_in 1212.83 3.60438 1209.23 0 0 0 0.02 0.901556 0.901556
28000 burn_in 1215.01 6.64348 1207.23 1.13933 0 0 0.02 0.901679 0.901679
29000 burn_in 1216.19 4.21176 1211.98 0 0 0 0.02 0.901483 0.901483
30000 burn_in 1211.78 4.56176 1207.22 0 0 0 0.02 0.9017 0.9017
31000 burn_in 1219.62 6.59166 1213.03 0 0 0 0.02 0.901516 0.901516
32000 burn_in 1214.89 2.9429 1211.95 0 0 0 0.02 0.901062 0.901062
33000 burn_in 1217.31 2.42506 1214.88 0 0 0 0.02 0.901152 0.901152
34000 burn_in 1212.97 3.63777 1209.33 0 0 0 0.02 0.901471 0.901471
35000 burn_in 1213.74 4.10267 1209.63 0.00686471 0 0 0.02 0.901486 0.901486
36000 burn_in 1210.98 3.58947 1207.19 0.19979 0 0 0.02 0.902056 0.902056
37000 burn_in 1211.37 3.89028 1206.72 0.754195 0 0 0.02 0.902 0.902
38000 burn_in 1216.07 3.56967 1212.5 0 0 0 0.02 0.902368 0.902368
39000 burn_in 1211.69 3.3471 1208.34 0 0 0 0.02 0.902154 0.902154
40000 burn_in 1215.45 2.89299 1212.55 0 0 0 0.02 0.9026 0.9026
41000 burn_in 1211.06 3.2516 1207.81 0 0 0 0.02 0.902976 0.902976
42000 burn_in 1209.74 3.28385 1206.46 0 0 0 0.02 0.903357 0.903357
43000 burn_in 1212.7 4.79814 1207.9 0 0 0 0.02 0.903349 0.903349
44000 burn_in 1216.71 2.69877 1214.01 0 0 0 0.02 0.903136 0.903136
45000 burn_in 1217.34 2.52425 1214.82 0 0 0 0.02 0.902511 0.902511
46000 burn_in 1213.98 2.61193 1211.19 0.18347 0 0 0.02 0.90237 0.90237
47000 burn_in 1216.17 3.23159 1212.94 0 0 0 0.02 0.902638 0.902638
48000 burn_in 1211.57 3.95289 1207.62 0 0 0 0.02 0.902438 0.902438
49000 burn_in 1223.56 4.3367 1219.22 0 0 0 0.02 0.902388 0.902388
50000 burn_in 1214.39 4.07012 1210.15 0.176241 0 0 0.02 0.90248 0.90248
51000 burn_in 1216.16 4.57544 1211.58 0 0 0 0.0752067 0.898 0.674
52000 burn_in 1217.83 3.01435 1214.82 0 0 0 0.0752067 0.893769 0.676
53000 burn_in 1215.31 4.21358 1210.89 0.211567 0 0 0.0752067 0.889981 0.681667
54000 burn_in 1211.72 3.07501 1208.65 0 0 0 0.0752067 0.885833 0.67775
55000 burn_in 1213.52 4.78812 1208.66 0.0638441 0 0 0.0752067 0.881945 0.6766
56000 burn_in 1212.51 5.50298 1206.99 0.0246794 0 0 0.0752067 0.878768 0.681167
57000 burn_in 1214.15 6.56178 1207.59 0 0 0 0.0752067 0.87486 0.677571
58000 burn_in 1219.71 4.1507 1214.07 1.4877 0 0 0.0752067 0.87119 0.675625
59000 burn_in 1213.08 6.63123 1206.45 0 0 0 0.0752067 0.867339 0.672111
60000 burn_in 1217.15 2.99518 1214.15 0.00454627 0 0 0.0752067 0.864167 0.6726
61000 burn_in 1214.92 5.19147 1209.73 0 0 0 0.0752067 0.861426 0.674818
62000 burn_in 1219.22 4.01458 1215.21 0 0 0 0.0752067 0.858258 0.674
63000 burn_in 1220.97 4.27124 1216.69 0 0 0 0.0752067 0.855302 0.673846
64000 burn_in 1213.45 3.60634 1209.84 0 0 0 0.0752067 0.852578 0.674357
65000 burn_in 1216.22 3.8128 1212.41 0 0 0 0.0752067 0.850308 0.6764
66000 burn_in 1216.31 3.67315 1211.82 0.815597 0 0 0.0752067 0.847591 0.676063
67000 burn_in 1211.31 4.2598 1206.99 0.0644261 0 0 0.0752067 0.844612 0.674412
68000 burn_in 1214.23 4.0425 1209.11 1.06909 0 0 0.0752067 0.841926 0.673722
69000 burn_in 1212.92 3.54458 1209.38 0 0 0 0.0752067 0.839681 0.674421
70000 burn_in 1212.34 2.83595 1209.5 0 0 0 0.0752067 0.837371 0.6746
71000 burn_in 1212.75 2.56974 1210.18 0 0 0 0.0752067 0.834746 0.673476
72000 burn_in 1214.11 2.52693 1211.58 0 0 0 0.0752067 0.832319 0.672864
73000 burn_in 1211.61 2.57038 1209.04 0 0 0 0.0752067 0.830329 0.673478
74000 burn_in 1221.21 3.14034 1218.07 0 0 0 0.0752067 0.82827 0.673667
75000 burn_in 1214.43 2.98891 1211.45 0 0 0 0.0752067 0.826453 0.6744
76000 burn_in 1215.5 4.70351 1210.8 0 0 0 0.0752067 0.824263 0.673846
77000 burn_in 1214.59 7.90126 1203.74 2.94748 0 0 0.0752067 0.822325 0.673889
78000 burn_in 1210.84 3.25843 1207.58 0 0 0 0.0752067 0.820346 0.673679
79000 burn_in 1214.43 3.94286 1210.49 0 0 0 0.0752067 0.81838 0.673379
80000 burn_in 1212.91 5.62634 1207.29 3.30731e-05 0 0 0.0752067 0.816688 0.6737
81000 burn_in 1213.63 2.80514 1210.82 0 0 0 0.0752067 0.815012 0.673935
82000 burn_in 1213.67 2.79467 1210.87 2.322e-07 0 0 0.0752067 0.813451 0.674344
83000 burn_in 1213.77 5.45111 1208.32 0 0 0 0.0752067 0.81188 0.674606
84000 burn_in 1215.84 5.34807 1207.93 2.55722 0 0 0.0752067 0.810179 0.674441
85000 burn_in 1215.38 3.91022 1211.47 0 0 0 0.0752067 0.808494 0.674229
86000 burn_in 1216.68 3.71851 1212.51 0.445127 0 0 0.0752067 0.806895 0.674139
87000 burn_in 1214.05 2.65612 1211.39 0 0 0 0.0752067 0.805218 0.673784
88000 burn_in 1212.41 3.4044 1209 0 0 0 0.0752067 0.803852 0.674079
89000 burn_in 1213.65 5.90428 1206.78 0.958236 0 0 0.0752067 0.802382 0.674051
90000 burn_in 1217.34 5.85288 1211.45 0.0360174 0 0 0.0752067 0.800856 0.673825
91000 burn_in 1214.98 3.72645 1211.23 0.0264931 0 0 0.0752067 0.799242 0.673341
92000 burn_in 1215.77 3.73496 1212.04 0 0 0 0.0752067 0.797793 0.673167
93000 burn_in 1213.41 5.11883 1207.62 0.665247 0 0 0.0752067 0.796333 0.672907
94000 burn_in 1216.92 3.13699 1213.59 0.190241 0 0 0.0752067 0.795181 0.67325
95000 burn_in 1212.27 3.04672 1209.22 0 0 0 0.0752067 0.793558 0.672533
96000 burn_in 1219.06 2.88151 1216.17 0 0 0 0.0752067 0.792521 0.673
97000 burn_in 1222.44 3.91102 1216.22 2.3124 0 0 0.0752067 0.790907 0.672213
98000 burn_in 1216.23 3.16187 1213.07 0 0 0 0.0752067 0.789316 0.671438
99000 burn_in 1214.77 2.71592 1211.62 0.434652 0 0 0.0752067 0.788071 0.671327
100000 burn_in 1217.68 4.10949 1211.94 1.62914 0 0 0.0752067 0.78694 0.6714
101000 burn_in 1214.39 2.69446 1211.69 0.00598854 0 0 0.210391 0.782396 0.328
102000 burn_in 1221.87 3.38489 1218.47 0.01858 0 0 0.210391 0.777843 0.323
103000 burn_in 1220.32 3.31688 1217 0 0 0 0.210391 0.773466 0.324333
104000 burn_in 1212.09 4.83951 1207.16 0.0906165 0 0 0.210391 0.76924 0.32675
105000 burn_in 1215.2 2.80603 1212.39 0 0 0 0.210391 0.764848 0.323
106000 burn_in 1218.18 3.78315 1214.38 0.0142188 0 0 0.210391 0.760896 0.326833
107000 burn_in 1217.24 3.76307 1211.35 2.12621 0 0 0.210391 0.756673 0.324286
108000 burn_in 1214.08 4.72017 1208.38 0.980585 0 0 0.210391 0.752509 0.322125
109000 burn_in 1212.81 3.30535 1209.49 0.0128779 0 0 0.210391 0.748688 0.323667
110000 burn_in 1216.68 6.16167 1210.29 0.229364 0 0 0.210391 0.744955 0.3251
111000 burn_in 1214.06 4.7089 1209.36 0 0 0 0.210391 0.741252 0.325909
112000 burn_in 1215.25 3.7336 1211.51 0 0 0 0.210391 0.737473 0.32525
113000 burn_in 1211.95 6.24959 1205.67 0.0314505 0 0 0.210391 0.733796 0.325
114000 burn_in 1210.35 4.3416 1206 0.0118346 0 0 0.210391 0.73014 0.324429
115000 burn_in 1213.39 6.59226 1205.37 1.42384 0 0 0.210391 0.726713 0.3252
116000 burn_in 1215.34 6.21722 1209.13 0 0 0 0.210391 0.723224 0.325
117000 burn_in 1213.95 2.84945 1211.1 0 0 0 0.210391 0.719821 0.325
118000 burn_in 1213.98 4.66631 1209.1 0.211597 0 0 0.210391 0.716627 0.326
119000 burn_in 1218.44 2.50286 1215.94 0 0 0 0.210391 0.713664 0.328
120000 burn_in 1217.57 5.24403 1211.59 0.741567 0 0 0.210391 0.7106 0.3289
121000 burn_in 1212.77 4.3767 1207.05 1.33506 0 0 0.210391 0.707355 0.328381
122000 burn_in 1210.3 3.05533 1207.23 0.0138771 0 0 0.210391 0.704352 0.328955
123000 burn_in 1216.89 3.7992 1213.09 0 0 0 0.210391 0.701455 0.329783
124000 burn_in 1214.28 3.32857 1210.95 0 0 0 0.210391 0.698347 0.329208
125000 burn_in 1211.56 3.60783 1207.95 0 0 0 0.210391 0.695224 0.32836
126000 burn_in 1219.31 3.21151 1215.98 0.116078 0 0 0.210391 0.692143 0.327538
127000 burn_in 1214.01 2.77658 1211.23 0 0 0 0.210391 0.689315 0.327741
128000 burn_in 1212.34 3.45961 1207.55 1.3365 0 0 0.210391 0.686398 0.327321
129000 burn_in 1216.67 3.17002 1213.5 0 0 0 0.210391 0.68338 0.326276
130000 burn_in 1213.94 3.61612 1210.33 0 0 0 0.210391 0.6804 0.325267
131000 burn_in 1213.83 3.00389 1210.83 0 0 0 0.210391 0.677336 0.323774
132000 burn_in 1215.08 4.32702 1210.76 0 0 0 0.210391 0.674447 0.322906
133000 burn_in 1222.26 6.57719 1215.68 0 0 0 0.210391 0.671872 0.323182
134000 burn_in 1214.36 3.45822 1210.9 0 0 0 0.210391 0.669321 0.323382
135000 burn_in 1219.85 3.3489 1216.22 0.280593 0 0 0.210391 0.66643 0.322114
136000 burn_in 1217.98 2.22559 1215.75 0 0 0 0.210391 0.663368 0.320111
137000 burn_in 1220.99 2.90002 1218.06 0.0289605 0 0 0.210391 0.660693 0.319486
138000 burn_in 1216.1 3.84564 1212.25 0 0 0 0.210391 0.658254 0.319605
139000 burn_in 1216.59 5.19536 1211.37 0.0226859 0 0 0.210391 0.655986 0.320205
140000 burn_in 1212.66 3.06531 1209.6 0 0 0 0.210391 0.653864 0.321175
141000 burn_in 1219.39 2.99999 1216.39 0 0 0 0.210391 0.651667 0.321732
142000 burn_in 1214.16 3.94644 1209.95 0.265308 0 0 0.210391 0.64943 0.322024
143000 burn_in 1219.6 8.55622 1210.97 0.0703796 0 0 0.210391 0.647196 0.322209
144000 burn_in 1212.77 4.21506 1208.56 0 0 0 0.210391 0.645014 0.322455
145000 burn_in 1211.71 4.80811 1206.71 0.188738 0 0 0.210391 0.642738 0.322289
146000 burn_in 1212.04 3.28069 1208.76 0 0 0 0.210391 0.640541 0.322283
147000 burn_in 1214.37 2.7704 1211.59 0 0 0 0.210391 0.638476 0.322596
148000 burn_in 1211.05 3.15927 1207.72 0.172125 0 0 0.210391 0.636514 0.323125
149000 burn_in 1222.59 3.57005 1219.02 0 0 0 0.210391 0.634584 0.323653
150000 burn_in 1214.73 3.57429 1211 0.149182 0 0 0.210391 0.632387 0.32328
151000 burn_in 1221.45 3.5785 1217.87 0 0 0 0.210391 0.630311 0.323196
152000 burn_in 1212.35 7.72055 1204.09 0.538064 0 0 0.210391 0.628257 0.323096
153000 burn_in 1214.23 5.4969 1205.4 3.32862 0 0 0.210391 0.626176 0.322849
154000 burn_in 1214.45 3.7884 1209.88 0.777699 0 0 0.210391 0.624097 0.322537
155000 burn_in 1216.5 2.55919 1213.94 0 0 0 0.210391 0.621942 0.321945
156000 burn_in 1214.18 3.21398 1210.81 0.148177 0 0 0.210391 0.619801 0.321339
157000 burn_in 1216.66 3.53109 1213.13 0 0 0 0.210391 0.617771 0.320982
158000 burn_in 1213.81 3.54488 1210.03 0.232278 0 0 0.210391 0.615994 0.321259
159000 burn_in 1210.51 5.23486 1205.26 0.0136044 0 0 0.210391 0.614333 0.32178
160000 burn_in 1217 2.71615 1214.29 0 0 0 0.210391 0.61265 0.322167
161000 burn_in 1215.53 4.92614 1210.01 0.590917 0 0 0.210391 0.610938 0.32241
162000 burn_in 1212.95 6.03131 1206.82 0.0958471 0 0 0.210391 0.609185 0.322484
163000 burn_in 1221.03 5.37921 1215.65 0 0 0 0.210391 0.607521 0.32273
164000 burn_in 1212.15 3.79782 1208.16 0.185031 0 0 0.210391 0.605817 0.322813
165000 burn_in 1214.63 5.80026 1208.83 0 0 0 0.210391 0.604055 0.322692
166000 burn_in 1218.72 5.63123 1212.39 0.702931 0 0 0.210391 0.602373 0.322727
167000 burn_in 1213.73 4.60627 1206.7 2.42667 0 0 0.210391 0.600671 0.322657
168000 burn_in 1212.88 4.89309 1207.49 0.498225 0 0 0.210391 0.599006 0.322632
169000 burn_in 1215.94 3.60936 1212.33 0 0 0 0.210391 0.597432 0.322783
170000 burn_in 1220.29 6.65291 1213.5 0.142519 0 0 0.210391 0.595788 0.322714
171000 burn_in 1215.22 2.63259 1212.58 0 0 0 0.210391 0.594368 0.323141
172000 burn_in 1213.58 6.5342 1206.89 0.150481 0 0 0.210391 0.593012 0.323667
173000 burn_in 1216.24 3.40656 1212.81 0.0258477 0 0 0.210391 0.591624 0.324068
174000 burn_in 1220.53 3.54449 1216.67 0.318434 0 0 0.210391 0.590075 0.324041
175000 burn_in 1213.92 5.28818 1208.64 0 0 0 0.210391 0.58884 0.324707
176000 burn_in 1213.25 2.86425 1210.38 0 0 0 0.210391 0.587364 0.324763
177000 burn_in 1215.72 3.32539 1211.36 1.03505 0 0 0.210391 0.586023 0.325091
178000 burn_in 1212.42 5.27709 1207.14 0 0 0 0.210391 0.584612 0.325218
179000 burn_in 1212.16 3.31998 1208.84 0 0 0 0.210391 0.583179 0.325253
180000 burn_in 1212.92 5.61316 1207.31 0 0 0 0.210391 0.581678 0.3251
181000 burn_in 1216.67 3.76625 1212.9 0 0 0 0.210391 0.580249 0.325074
182000 burn_in 1212.61 4.81053 1207.8 0 0 0 0.210391 0.578879 0.325146
183000 burn_in 1218.61 2.95819 1215.65 0 0 0 0.210391 0.577617 0.325422
184000 burn_in 1218.89 3.36599 1215.52 0 0 0 0.210391 0.576239 0.325405
185000 burn_in 1215.56 2.93807 1212.62 0 0 0 0.210391 0.574816 0.325259
186000 burn_in 1211.93 2.68929 1209.24 0 0 0 0.210391 0.573495 0.325302
187000 burn_in 1212.39 3.03714 1209.35 0 0 0 0.210391 0.572102 0.325161
188000 burn_in 1216.29 2.88804 1213.4 0 0 0 0.210391 0.570862 0.325318
189000 burn_in 1212.07 4.57028 1206.13 1.37465 0 0 0.210391 0.56955 0.325292
190000 burn_in 1215.12 6.06554 1209.06 0 0 0 0.210391 0.568205 0.325167
191000 burn_in 1209.12 4.11425 1205.01 0 0 0 0.210391 0.566754 0.324791
192000 burn_in 1210.64 4.33922 1205.68 0.619952 0 0 0.210391 0.56562 0.325054
193000 burn_in 1210.68 3.64053 1207.04 0 0 0 0.210391 0.564477 0.325269
194000 burn_in 1216.63 7.19743 1209.43 0 0 0 0.210391 0.563232 0.325245
195000 burn_in 1214.62 4.39736 1209.91 0.30567 0 0 0.210391 0.561918 0.325053
196000 burn_in 1215.67 4.9915 1210.67 0 0 0 0.210391 0.560781 0.325198
197000 burn_in 1214.79 2.61643 1212.14 0.0358713 0 0 0.210391 0.559584 0.325196
198000 burn_in 1214.13 4.1078 1206.64 3.38128 0 0 0.210391 0.558535 0.325469
199000 burn_in 1217.39 3.53666 1213.85 0 0 0 0.210391 0.557256 0.325253
200000 burn_in 1211.6 4.88147 1206.28 0.430198 0 0 0.210391 0.55609 0.32524
201000 burn_in 1214.79 3.18916 1211.36 0.23686 0 0 0.285114 0.554493 0.235
202000 burn_in 1212.13 4.11589 1208.01 0 0 0 0.285114 0.552817 0.2255
203000 burn_in 1212.01 4.80928 1207.2 0 0 0 0.285114 0.551044 0.214667
204000 burn_in 1213.3 5.00091 1208.3 0 0 0 0.285114 0.549441 0.217
205000 burn_in 1214.97 3.41634 1211.55 0 0 0 0.285114 0.547834 0.2176
206000 burn_in 1211.65 5.59274 1204.07 1.99262 0 0 0.285114 0.54615 0.214833
207000 burn_in 1215.71 2.52098 1213.19 0 0 0 0.285114 0.544551 0.214857
208000 burn_in 1213.26 3.69002 1209.57 0 0 0 0.285114 0.543053 0.217125
209000 burn_in 1214.94 5.67896 1209.26 0 0 0 0.285114 0.541598 0.219556
210000 burn_in 1210.56 4.4607 1205.88 0.213933 0 0 0.285114 0.540133 0.221
211000 burn_in 1212.23 2.84469 1209.1 0.288141 0 0 0.285114 0.538597 0.220545
212000 burn_in 1211.93 6.89576 1204.49 0.54038 0 0 0.285114 0.53708 0.22025
213000 burn_in 1211.7 2.89199 1208.8 0 0 0 0.285114 0.535638 0.221
214000 burn_in 1218.74 8.12766 1210.61 0 0 0 0.285114 0.534238 0.222071
215000 burn_in 1221.08 2.5216 1218.56 0 0 0 0.285114 0.532842 0.222867
216000 burn_in 1213.7 3.42285 1210.27 0 0 0 0.285114 0.531486 0.223938
217000 burn_in 1216.45 5.10024 1211.35 0 0 0 0.285114 0.530037 0.223529
218000 burn_in 1212.83 4.05491 1207.14 1.63484 0 0 0.285114 0.528642 0.223667
219000 burn_in 1217.97 4.3059 1213.66 0 0 0 0.285114 0.527301 0.224263
220000 burn_in 1213.03 4.85439 1207.41 0.76727 0 0 0.285114 0.525968 0.22475
221000 burn_in 1216.84 4.55396 1210.62 1.65738 0 0 0.285114 0.524516 0.22381
222000 burn_in 1218.28 5.32389 1212.95 0.00736949 0 0 0.285114 0.523009 0.222273
223000 burn_in 1220.34 4.59568 1215.74 0 0 0 0.285114 0.521717 0.222826
224000 burn_in 1213.25 3.38066 1209.87 0 0 0 0.285114 0.520576 0.224625
225000 burn_in 1214.15 3.02025 1210.48 0.646876 0 0 0.285114 0.519307 0.22504
226000 burn_in 1213.18 3.08603 1210.05 0.0441987 0 0 0.285114 0.517965 0.224692
227000 burn_in 1211.19 3.16862 1207.52 0.501129 0 0 0.285114 0.516771 0.225519
228000 burn_in 1213.07 3.01447 1210.06 0 0 0 0.285114 0.515474 0.225357
229000 burn_in 1213.53 5.16354 1208.21 0.160218 0 0 0.285114 0.514223 0.225483
230000 burn_in 1210.77 4.54402 1206.22 0 0 0 0.285114 0.512861 0.224667
231000 burn_in 1218.29 8.22668 1209.94 0.118819 0 0 0.285114 0.511645 0.224903
232000 burn_in 1214.6 2.5038 1212.1 0 0 0 0.285114 0.510353 0.2245
233000 burn_in 1215.06 3.83613 1211.09 0.140562 0 0 0.285114 0.509112 0.224394
234000 burn_in 1210.79 4.48485 1206.31 0 0 0 0.285114 0.507868 0.224206
235000 burn_in 1216.97 3.08598 1213.54 0.346045 0 0 0.285114 0.506591 0.223743
236000 burn_in 1221.54 11.5824 1209.38 0.573828 0 0 0.285114 0.505356 0.2235
237000 burn_in 1214.45 4.34316 1210.11 0 0 0 0.285114 0.504346 0.224649
238000 burn_in 1220.12 8.90585 1211.03 0.179369 0 0 0.285114 0.503088 0.224132
239000 burn_in 1217.28 5.91668 1209.65 1.71645 0 0 0.285114 0.501912 0.224077
240000 burn_in 1214.45 5.62616 1208.01 0.80654 0 0 0.285114 0.500737 0.223975
241000 burn_in 1221.38 5.01601 1216.36 0 0 0 0.285114 0.49956 0.223805
242000 burn_in 1215.52 3.6848 1211.84 0 0 0 0.285114 0.498442 0.223929
243000 burn_in 1210.57 2.96415 1207.6 0 0 0 0.285114 0.497387 0.224349
244000 burn_in 1219.64 7.82455 1209.16 2.65472 0 0 0.285114 0.496205 0.224
245000 burn_in 1214.2 3.594 1210.6 0 0 0 0.285114 0.495106 0.224067
246000 burn_in 1212.16 3.96579 1208.19 0 0 0 0.285114 0.494126 0.224717
247000 burn_in 1225.17 3.1584 1222.01 0 0 0 0.285114 0.493036 0.224723
248000 burn_in 1218.25 7.27066 1208.81 2.16979 0 0 0.285114 0.491952 0.224708
249000 burn_in 1212.71 4.42258 1208.1 0.184815 0 0 0.285114 0.490803 0.224327
250000 burn_in 1219.44 6.55422 1212.88 0 0 0 0.285114 0.489828 0.22478
251000 burn_in 1215.38 2.99019 1212.39 0 0 0 0.285114 0.488725 0.224549
252000 burn_in 1213.2 4.49505 1208.7 0 0 0 0.285114 0.487639 0.224365
253000 burn_in 1213.18 5.53121 1207.02 0.631287 0 0 0.285114 0.486482 0.223811
254000 burn_in 1216.91 2.65657 1214.25 0 0 0 0.285114 0.485441 0.223778
255000 burn_in 1216.42 3.13091 1213.29 0 0 0 0.285114 0.48442 0.2238
256000 burn_in 1213.32 3.18203 1209.97 0.170435 0 0 0.285114 0.483449 0.224018
257000 burn_in 1214.56 6.73365 1207.83 0 0 0 0.285114 0.482436 0.224
258000 burn_in 1212.07 4.96092 1207.11 0 0 0 0.285114 0.48155 0.224517
259000 burn_in 1215.16 2.94379 1212.22 0 0 0 0.285114 0.480556 0.224508
260000 burn_in 1213.64 5.64231 1207.83 0.159693 0 0 0.285114 0.479619 0.224717
261000 burn_in 1218.97 2.23499 1216.73 0 0 0 0.285114 0.478716 0.225033
262000 burn_in 1217.36 9.848 1207.51 0 0 0 0.285114 0.477805 0.225274
263000 burn_in 1212.25 3.41003 1208.84 0 0 0 0.285114 0.476905 0.225524
264000 burn_in 1213.58 4.87486 1208.7 0 0 0 0.285114 0.476019 0.225797
265000 burn_in 1214.17 4.56786 1209.6 0 0 0 0.285114 0.475 0.225492
266000 burn_in 1216.14 2.54773 1213.59 0 0 0 0.285114 0.474079 0.225561
267000 burn_in 1211.6 4.17226 1207.43 0 0 0 0.285114 0.473236 0.22591
268000 burn_in 1212.43 2.64259 1209.79 0 0 0 0.285114 0.472347 0.226044
269000 burn_in 1215.22 4.46527 1210.38 0.377308 0 0 0.285114 0.471442 0.226087
270000 burn_in 1212.51 2.97024 1209.41 0.129519 0 0 0.285114 0.470526 0.226057
271000 burn_in 1212.53 3.57054 1208.96 0 0 0 0.285114 0.469686 0.226296
272000 burn_in 1212.61 4.95648 1206.44 1.21181 0 0 0.285114 0.468721 0.226028
273000 burn_in 1213.71 6.02635 1205.92 1.7636 0 0 0.285114 0.467751 0.225726
274000 burn_in 1214.36 4.48389 1209.88 0 0 0 0.285114 0.466872 0.225743
275000 burn_in 1214.18 3.69061 1210.44 0.0505679 0 0 0.285114 0.465982 0.225693
276000 burn_in 1212.8 4.90494 1207.68 0.215889 0 0 0.285114 0.465185 0.225961
277000 burn_in 1215.02 3.08199 1211.94 0 0 0 0.285114 0.464199 0.225519
278000 burn_in 1212.74 8.96597 1203.78 0 0 0 0.285114 0.463338 0.225513
279000 burn_in 1215.64 7.59022 1208.05 0 0 0 0.285114 0.462434 0.225329
280000 burn_in 1215.31 3.97405 1209.43 1.90368 0 0 0.285114 0.461543 0.225175
281000 burn_in 1214.02 3.11874 1210.9 0 0 0 0.285114 0.460769 0.225407
282000 burn_in 1215.65 3.43497 1211.72 0.494943 0 0 0.285114 0.459989 0.225598
283000 burn_in 1215.55 3.24378 1210.5 1.80484 0 0 0.285114 0.459127 0.225482
284000 burn_in 1220.8 7.02359 1213.78 0 0 0 0.285114 0.458208 0.225155
285000 burn_in 1212.89 3.15971 1209.73 0 0 0 0.285114 0.457411 0.225224
286000 burn_in 1215.37 3.28383 1212.08 0 0 0 0.285114 0.456605 0.225244
287000 burn_in 1211.24 3.1926 1207.99 0.0589985 0 0 0.285114 0.455791 0.225218
288000 burn_in 1215.82 2.82147 1213 0 0 0 0.285114 0.45508 0.225511
289000 burn_in 1220.1 3.09124 1217.01 0 0 0 0.285114 0.454266 0.225449
290000 burn_in 1211.51 5.28096 1206.02 0.20941 0 0 0.285114 0.453445 0.225344
291000 burn_in 1216.2 4.91192 1209.22 2.06962 0 0 0.285114 0.452646 0.225297
292000 burn_in 1216.09 4.51944 1211.57 0 0 0 0.285114 0.451836 0.225196
293000 burn_in 1210.54 4.76119 1205.25 0.528251 0 0 0.285114 0.451051 0.225161
294000 burn_in 1213.28 3.59466 1209.68 0 0 0 0.285114 0.450293 0.225191
295000 burn_in 1214.3 4.33882 1209.96 0 0 0 0.285114 0.449471 0.225011
296000 burn_in 1219.61 3.34139 1216.27 0 0 0 0.285114 0.448655 0.224833
297000 burn_in 1214.05 3.71901 1210.24 0.0947876 0 0 0.285114 0.447828 0.224608
298000 burn_in 1213.45 4.37992 1209.07 0 0 0 0.285114 0.447084 0.224622
299000 burn_in 1214.07 5.1636 1208.91 0 0 0 0.285114 0.446318 0.224556
300000 burn_in 1213.88 3.51575 1209.94 0.421333 0 0 0.285114 0.445583 0.22457
301000 burn_in 1212.31 2.71089 1209.6 0 0 0 0.285114 0.444827 0.224505
302000 burn_in 1216.55 5.15562 1211.39 0 0 0 0.285114 0.444089 0.22448
303000 burn_in 1215.32 4.10058 1211.22 0 0 0 0.285114 0.44332 0.22435
304000 burn_in 1220.56 3.29485 1217.21 0.0620184 0 0 0.285114 0.442605 0.224365
305000 burn_in 1213.05 3.4294 1209.62 0 0 0 0.285114 0.441931 0.224486
306000 burn_in 1213.99 5.6797 1208.21 0.100669 0 0 0.285114 0.441196 0.224415
307000 burn_in 1210.42 3.4153 1206.91 0.0865672 0 0 0.285114 0.440476 0.224374
308000 burn_in 1214.48 2.91931 1211.56 0 0 0 0.285114 0.439838 0.224556
309000 burn_in 1216.18 3.70781 1212.47 0 0 0 0.285114 0.439194 0.224706
310000 burn_in 1221.25 2.77482 1218.24 0.238141 0 0 0.285114 0.438539 0.224809
311000 burn_in 1215.06 5.80568 1209.25 0 0 0 0.285114 0.437768 0.224577
312000 burn_in 1212.38 3.55893 1208.82 0 0 0 0.285114 0.437051 0.224482
313000 burn_in 1215.65 2.7218 1212.93 0 0 0 0.285114 0.436383 0.224513
314000 burn_in 1211.1 2.85678 1208.13 0.110035 0 0 0.285114 0.435675 0.224421
315000 burn_in 1215.27 3.37265 1211.9 0 0 0 0.285114 0.434994 0.224391
316000 burn_in 1217.01 3.26515 1213.75 0 0 0 0.285114 0.434316 0.224362
317000 burn_in 1213.1 3.0126 1210.09 0 0 0 0.285114 0.433606 0.224231
318000 burn_in 1215.32 7.69949 1207.62 0 0 0 0.285114 0.432915 0.224144
319000 burn_in 1218.38 6.10742 1212.03 0.240542 0 0 0.285114 0.432263 0.224151
320000 burn_in 1215.09 2.94793 1212.14 0 0 0 0.285114 0.431613 0.22415
321000 burn_in 1214.21 3.41324 1210.8 0 0 0 0.285114 0.430953 0.224116
322000 burn_in 1220.11 2.64798 1217.46 0 0 0 0.285114 0.430342 0.224197
323000 burn_in 1212.41 3.39227 1208.68 0.331283 0 0 0.285114 0.429647 0.224049
324000 burn_in 1216.3 3.90166 1212.4 0 0 0 0.285114 0.428923 0.223815
325000 burn_in 1212.9 8.64171 1204.17 0.0903047 0 0 0.285114 0.428302 0.22384
326000 burn_in 1215.53 3.32163 1211.78 0.435577 0 0 0.285114 0.427641 0.223754
327000 burn_in 1216.4 3.83653 1211.83 0.734132 0 0 0.285114 0.426982 0.223661
328000 burn_in 1216.56 2.88894 1213.67 0 0 0 0.285114 0.426366 0.223672
329000 burn_in 1215.01 3.9711 1209.17 1.87542 0 0 0.285114 0.425593 0.223271
330000 burn_in 1214.19 4.2414 1209.84 0.104305 0 0 0.285114 0.424982 0.223277
331000 burn_in 1212.72 5.14481 1207.55 0.0310476 0 0 0.285114 0.424308 0.223115
332000 burn_in 1212.93 4.99238 1207.94 0 0 0 0.285114 0.423756 0.22325
333000 burn_in 1214.92 4.57946 1210.21 0.130003 0 0 0.285114 0.423111 0.223143
334000 burn_in 1218.04 2.80444 1215.24 0 0 0 0.285114 0.422518 0.223157
335000 burn_in 1216.45 3.7886 1212.06 0.601303 0 0 0.285114 0.421952 0.22323
336000 burn_in 1215.71 2.71413 1212.99 0 0 0 0.285114 0.42139 0.223301
337000 burn_in 1217.24 5.07712 1212.17 0 0 0 0.285114 0.420733 0.223131
338000 burn_in 1212.42 3.30733 1208 1.11655 0 0 0.285114 0.420175 0.223196
339000 burn_in 1213.87 3.94553 1209.59 0.331336 0 0 0.285114 0.419513 0.223
340000 burn_in 1217.01 5.74 1211.15 0.12276 0 0 0.285114 0.419015 0.223193
341000 burn_in 1213.29 3.80142 1209.49 0 0 0 0.285114 0.418481 0.223291
342000 burn_in 1220.3 2.69933 1216.71 0.897266 0 0 0.285114 0.417845 0.223134
343000 burn_in 1215.22 3.21102 1212.01 0 0 0 0.285114 0.417306 0.223203
344000 burn_in 1215.86 2.87588 1212.98 0 0 0 0.285114 0.416788 0.223312
345000 burn_in 1210.39 5.62768 1204.44 0.325431 0 0 0.285114 0.416165 0.223166
346000 burn_in 1213.5 6.05463 1207.44 0 0 0 0.285114 0.415633 0.223226
347000 burn_in 1213.28 2.60244 1210.67 0 0 0 0.285114 0.415107 0.223293
348000 burn_in 1213.41 6.27135 1207.14 0 0 0 0.285114 0.41458 0.223351
349000 burn_in 1214.05 3.94391 1210.11 0 0 0 0.285114 0.414023 0.223329
350000 burn_in 1213.37 4.83475 1208.53 0 0 0 0.285114 0.413514 0.223413
351000 burn_in 1218.51 3.04776 1215.46 0 0 0 0.285114 0.413048 0.223589
352000 burn_in 1213.42 3.94088 1208.23 1.25711 0 0 0.285114 0.412469 0.223493
353000 burn_in 1212.43 3.81339 1208.62 0 0 0 0.285114 0.411898 0.223412
354000 burn_in 1216.7 3.29701 1213.41 0 0 0 0.285114 0.411305 0.223273
355000 burn_in 1219.58 4.07755 1215.5 0 0 0 0.285114 0.410696 0.22309
356000 burn_in 1219.81 2.67407 1217.13 0 0 0 0.285114 0.410129 0.223
357000 burn_in 1214.44 2.58204 1211.86 0 0 0 0.285114 0.409546 0.222866
358000 burn_in 1218.06 4.12705 1213.15 0.782565 0 0 0.285114 0.409014 0.222842
359000 burn_in 1220.56 2.64158 1217.92 0 0 0 0.285114 0.408476 0.222799
360000 burn_in 1216.94 4.54323 1212.16 0.245046 0 0 0.285114 0.407947 0.222769
361000 burn_in 1221.24 2.51236 1218.73 0 0 0 0.285114 0.407368 0.222621
362000 burn_in 1214.11 3.08306 1211.03 0 0 0 0.285114 0.406862 0.22263
363000 burn_in 1211.62 3.7786 1207.56 0.286739 0 0 0.285114 0.406317 0.222546
364000 burn_in 1212.88 6.81439 1205.19 0.868784 0 0 0.285114 0.405783 0.222482
365000 burn_in 1214.67 5.05027 1209.62 0 0 0 0.285114 0.405285 0.222491
366000 burn_in 1214.53 3.47299 1211.06 0 0 0 0.285114 0.404806 0.222536
367000 burn_in 1220.37 7.00026 1213.33 0.0329504 0 0 0.285114 0.404305 0.222527
368000 burn_in 1218.24 2.66378 1215.58 0 0 0 0.285114 0.403755 0.222405
369000 burn_in 1219.59 2.89319 1216.69 0 0 0 0.285114 0.403228 0.222325
370000 burn_in 1212.82 4.15128 1208.67 0 0 0 0.285114 0.402735 0.222318
371000 burn_in 1213.8 2.59485 1211.2 0 0 0 0.285114 0.402151 0.222105
372000 burn_in 1216.38 4.65636 1211.72 0 0 0 0.285114 0.401683 0.22214
373000 burn_in 1215.57 4.00638 1209.9 1.6664 0 0 0.285114 0.401099 0.221919
374000 burn_in 1214.74 5.78859 1206.16 2.79374 0 0 0.285114 0.400556 0.221782
375000 burn_in 1212.88 5.66496 1207.21 0 0 0 0.285114 0.4 0.221611
376000 burn_in 1213.28 3.65979 1209.62 0 0 0 0.285114 0.399487 0.221528
377000 burn_in 1216.09 4.54525 1211.54 0 0 0 0.285114 0.398992 0.22148
378000 burn_in 1214.62 2.78619 1211.83 0 0 0 0.285114 0.398452 0.221331
379000 burn_in 1218.98 4.72818 1214.25 0 0 0 0.285114 0.397929 0.221212
380000 burn_in 1219.85 6.60153 1213.22 0.0279244 0 0 0.285114 0.397526 0.221344
381000 burn_in 1212.35 3.34201 1208.98 0.0263728 0 0 0.285114 0.397094 0.221409
382000 burn_in 1217.77 3.06761 1214.7 0 0 0 0.285114 0.396597 0.22133
383000 burn_in 1218.01 2.929 1215.08 0 0 0 0.285114 0.396065 0.221175
384000 burn_in 1216 2.89026 1213.07 0.0393761 0 0 0.285114 0.395583 0.22112
385000 burn_in 1215.62 8.18507 1207.08 0.35114 0 0 0.285114 0.395073 0.221
386000 burn_in 1214.24 4.49834 1209.37 0.378859 0 0 0.285114 0.39458 0.220914
387000 burn_in 1211.42 5.46021 1205.96 0 0 0 0.285114 0.394098 0.220845
388000 burn_in 1216.85 3.83782 1213.02 0 0 0 0.285114 0.393611 0.220761
389000 burn_in 1213.38 3.65656 1209.73 0 0 0 0.285114 0.393165 0.220757
390000 burn_in 1210.11 4.38177 1205.7 0.0285065 0 0 0.285114 0.392756 0.220826
391000 burn_in 1222.56 5.17445 1217.39 0 0 0 0.285114 0.39233 0.220853
392000 burn_in 1212.72 3.53232 1209.18 0.0064171 0 0 0.285114 0.391931 0.220932
393000 burn_in 1216.11 4.2347 1211.87 0 0 0 0.285114 0.391476 0.220891
394000 burn_in 1218.98 3.37194 1215.29 0.322319 0 0 0.285114 0.391071 0.220948
395000 burn_in 1215.34 2.75125 1212.59 0 0 0 0.285114 0.390638 0.220944
396000 burn_in 1213.89 3.71299 1210.18 0 0 0 0.285114 0.39029 0.221107
397000 burn_in 1212.16 4.09616 1208.06 0 0 0 0.285114 0.389897 0.221173
398000 burn_in 1216.54 3.23755 1213.25 0.0504029 0 0 0.285114 0.389497 0.221222
399000 burn_in 1215.46 3.35571 1212.11 0 0 0 0.285114 0.389035 0.221141
400000 burn_in 1215.02 5.29736 1209.72 0 0 0 0.285114 0.38867 0.22125
401000 burn_in 1216.43 2.83665 1213.6 0 0 0 0.285114 0.388247 0.221239
402000 burn_in 1215.42 4.50257 1210.91 0 0 0 0.285114 0.387866 0.221307
403000 burn_in 1214.69 6.53857 1207.59 0.554238 0 0 0.285114 0.387462 0.221325
404000 burn_in 1215.57 6.3204 1209.25 0 0 0 0.285114 0.38701 0.221245
405000 burn_in 1219.25 4.99801 1214.24 0.00399942 0 0 0.285114 0.386563 0.221171
406000 burn_in 1215.23 2.77691 1212.45 0 0 0 0.285114 0.386135 0.221131
407000 burn_in 1213.14 6.23796 1206.42 0.480325 0 0 0.285114 0.385737 0.221145
408000 burn_in 1218.1 8.79332 1209.3 0 0 0 0.285114 0.385328 0.221135
409000 burn_in 1211.98 4.51715 1207.46 0.00668759 0 0 0.285114 0.384897 0.221077
410000 burn_in 1215.59 4.17231 1211.27 0.148018 0 0 0.285114 0.384473 0.221029
411000 burn_in 1217.53 2.60205 1214.92 0 0 0 0.285114 0.384105 0.221085
412000 burn_in 1219.46 6.89719 1212.56 0 0 0 0.285114 0.383769 0.221203
413000 burn_in 1215.74 4.04298 1211.34 0.354304 0 0 0.285114 0.383363 0.221178
414000 burn_in 1214.24 4.1328 1210.11 0 0 0 0.285114 0.382971 0.221178
415000 burn_in 1216.33 3.31535 1213.02 0 0 0 0.285114 0.382641 0.221293
416000 burn_in 1213.15 3.49581 1209.65 0 0 0 0.285114 0.382267 0.221319
417000 burn_in 1220.46 5.84362 1214.62 0 0 0 0.285114 0.381928 0.22141
418000 burn_in 1213.11 4.03295 1207.85 1.22183 0 0 0.285114 0.381581 0.221482
419000 burn_in 1215.2 5.61935 1208.97 0.608988 0 0 0.285114 0.38121 0.221502
420000 burn_in 1214.85 3.455 1211.06 0.33554 0 0 0.285114 0.380852 0.221545
421000 burn_in 1210.69 3.65596 1205.48 1.55789 0 0 0.285114 0.38043 0.221462
422000 burn_in 1214.75 6.281 1208.47 0 0 0 0.285114 0.380081 0.221514
423000 burn_in 1216.97 4.44352 1211.94 0.588565 0 0 0.285114 0.379655 0.221417
424000 burn_in 1216.11 4.89651 1210.8 0.406945 0 0 0.285114 0.379215 0.22129
425000 burn_in 1220.38 2.63596 1217.74 0 0 0 0.285114 0.378887 0.221373
426000 burn_in 1222.57 2.52542 1220.01 0.0293149 0 0 0.285114 0.378502 0.221345
427000 burn_in 1215.26 2.65041 1212.61 0 0 0 0.285114 0.378126 0.22133
428000 burn_in 1213.63 2.35207 1211.28 0 0 0 0.285114 0.377734 0.221281
429000 burn_in 1215.33 11.1718 1203.35 0.805322 0 0 0.285114 0.377324 0.221197
430000 burn_in 1213.08 2.79271 1210.28 0 0 0 0.285114 0.376993 0.221257
431000 burn_in 1212.88 2.9325 1209.94 0 0 0 0.285114 0.376619 0.221234
432000 burn_in 1212.66 2.72259 1209.91 0.0305738 0 0 0.285114 0.376278 0.221267
433000 burn_in 1213.66 5.45961 1206.76 1.4407 0 0 0.285114 0.375882 0.221197
434000 burn_in 1213.7 3.81465 1209.69 0.188452 0 0 0.285114 0.375389 0.220944
435000 burn_in 1214.28 3.29076 1210.93 0.0618359 0 0 0.285114 0.374982 0.220847
436000 burn_in 1216.79 4.64299 1212.15 0 0 0 0.285114 0.374587 0.220771
437000 burn_in 1220.78 3.28626 1217.17 0.32371 0 0 0.285114 0.374243 0.220785
438000 burn_in 1213.49 3.44904 1209.89 0.148209 0 0 0.285114 0.373863 0.220731
439000 burn_in 1211.93 2.7946 1208.88 0.255511 0 0 0.285114 0.373492 0.22069
440000 burn_in 1215.27 2.57849 1212.69 0 0 0 0.285114 0.373164 0.220725
441000 burn_in 1214.73 5.78317 1208.86 0.0870882 0 0 0.285114 0.3728 0.220693
442000 burn_in 1216.15 2.70626 1213.44 0 0 0 0.285114 0.3724 0.220591
443000 burn_in 1218.2 2.99141 1215.2 0 0 0 0.285114 0.372034 0.220547
444000 burn_in 1212.14 2.68563 1209.46 0 0 0 0.285114 0.371707 0.220574
445000 burn_in 1212.13 6.14976 1205.99 0 0 0 0.285114 0.371398 0.220629
446000 burn_in 1218.06 2.73281 1215.33 0 0 0 0.285114 0.371108 0.220715
447000 burn_in 1215.45 3.33428 1212.12 0 0 0 0.285114 0.370783 0.220737
448000 burn_in 1215.84 4.25342 1211.59 0 0 0 0.285114 0.37044 0.220722
449000 burn_in 1215.11 5.32047 1209.46 0.335242 0 0 0.285114 0.370094 0.220699
450000 burn_in 1218 3.18171 1214.82 0 0 0 0.285114 0.369753 0.220684
451000 burn_in 1213.71 4.35793 1209.18 0.168961 0 0 0.285114 0.369355 0.220562
452000 burn_in 1209.86 3.03848 1206.61 0.217066 0 0 0.285114 0.369027 0.220563
453000 burn_in 1216.77 3.95282 1212.71 0.111052 0 0 0.285114 0.368693 0.220553
454000 burn_in 1211.86 3.11637 1208.7 0.040501 0 0 0.285114 0.368399 0.22061
455000 burn_in 1215.92 3.92409 1211.99 0 0 0 0.285114 0.368127 0.220706
456000 burn_in 1212.42 3.87738 1207.24 1.3066 0 0 0.285114 0.367855 0.220797
457000 burn_in 1213.6 6.75551 1206.67 0.170046 0 0 0.285114 0.367497 0.220732
458000 burn_in 1219.99 5.82083 1212.46 1.71436 0 0 0.285114 0.367175 0.220729
459000 burn_in 1214.24 4.75867 1209.48 0 0 0 0.285114 0.36685 0.220718
460000 burn_in 1214.5 4.12519 1210.37 0 0 0 0.285114 0.366533 0.220719
461000 burn_in 1217.61 4.22884 1213.38 0 0 0 0.285114 0.366169 0.220636
462000 burn_in 1217.33 5.75383 1210.35 1.22207 0 0 0.285114 0.365874 0.220672
463000 burn_in 1213.27 4.52536 1208.75 0 0 0 0.285114 0.365521 0.220601
464000 burn_in 1216.44 4.68358 1211.76 0 0 0 0.285114 0.365164 0.220523
465000 burn_in 1216.91 2.88003 1214.03 0 0 0 0.285114 0.36486 0.220536
466000 burn_in 1213.67 6.75566 1206.92 0 0 0 0.285114 0.364524 0.220489
467000 burn_in 1221.92 5.81391 1215.91 0.198168 0 0 0.285114 0.364238 0.220528
468000 burn_in 1213.2 2.79198 1210.39 0.0198503 0 0 0.285114 0.363955 0.220571
469000 burn_in 1215.79 5.89707 1209.89 0 0 0 0.285114 0.363655 0.22058
470000 burn_in 1212.88 2.60511 1210.27 0 0 0 0.285114 0.36336 0.220596
471000 burn_in 1212.22 2.92348 1209.3 0 0 0 0.285114 0.363104 0.220679
472000 burn_in 1214.07 3.7331 1210.34 0 0 0 0.285114 0.362769 0.220621
473000 burn_in 1215.5 4.27172 1211.23 0 0 0 0.285114 0.362482 0.220645
474000 burn_in 1212.75 3.33174 1209.42 0 0 0 0.285114 0.362203 0.220679
475000 burn_in 1213.1 8.16732 1204.77 0.159344 0 0 0.285114 0.361907 0.220684
476000 burn_in 1214.33 4.83175 1209.26 0.240525 0 0 0.285114 0.36158 0.22063
477000 burn_in 1216.11 3.12825 1212.98 0 0 0 0.285114 0.361329 0.220708
478000 burn_in 1215.25 2.77712 1212.2 0.276225 0 0 0.285114 0.36104 0.220716
479000 burn_in 1212.15 3.96118 1206.73 1.46576 0 0 0.285114 0.360745 0.220713
480000 burn_in 1218.1 5.23612 1212.71 0.156486 0 0 0.285114 0.360467 0.220736
481000 burn_in 1212.61 4.34658 1208.26 0 0 0 0.285114 0.360212 0.220797
482000 burn_in 1212.13 4.64368 1207.48 0.00875658 0 0 0.285114 0.359936 0.220819
483000 burn_in 1217.49 3.5495 1213.94 0 0 0 0.285114 0.359654 0.22083
484000 burn_in 1210.82 3.13721 1207.68 0 0 0 0.285114 0.359378 0.220849
485000 burn_in 1214.37 3.61359 1210.75 0 0 0 0.285114 0.359087 0.220839
