*mcmc_objective[MCMCObjective]
starting_covariance_matrix {matrix}
parameter_transformation[logRecruitment].log_parameter selectivity[TransitionMale].a50 selectivity[TransitionMale].ato95 age_length[AgeLength].Linf age_length[AgeLength].k time_varying[M_time_var_Male].values{1994} time_varying[M_time_var_Male].values{2015} time_varying[M_time_var_Primi].values{1994} time_varying[M_time_var_Primi].values{2015} catchability[SurveyqM].q selectivity[SurveyMale].a50 selectivity[SurveyMale].ato95 selectivity[FishingMale].a50 selectivity[FishingMale].ato95 selectivity[FishingPrimiFemale].alpha selectivity[FishingMultiFemale].alpha
0.00331846 0.001119 -0.000197487 -0.000225838 -3.68203e-05 0.000268431 0.000215249 0.00127452 0.00204074 -0.00194464 0.00848665 0.00784826 -0.000980102 8.06301e-06 0.000503874 0.00482104
0.001119 0.0748497 -0.00503707 -0.00428257 -0.000581432 0.00200178 0.00167568 -0.00275053 -0.000983184 0.00273388 0.0654416 0.0281617 -0.00876958 8.15602e-06 0.0121457 0.0239286
-0.000197487 -0.00503707 0.00557277 0.00145843 -0.000121082 0.000176093 -0.000527538 -0.000444423 0.000589741 0.000449471 0.000765018 0.000305085 -0.000840151 7.71586e-05 5.36324e-05 -0.00133332
-0.000225838 -0.00428257 0.00145843 0.0809833 -0.00418979 -0.00167032 -0.00224535 0.00299196 0.00101538 0.000630484 -0.0393941 -0.0164756 -0.0301361 -9.13019e-05 -0.00106326 0.00895295
-3.68203e-05 -0.000581432 -0.000121082 -0.00418979 0.000338695 6.17817e-05 0.000115481 -0.000140569 -7.76676e-05 -5.41754e-05 0.00202145 0.00112989 0.00256475 4.81895e-06 -0.000131779 -0.000779272
0.000268431 0.00200178 0.000176093 -0.00167032 6.17817e-05 0.00126005 0.000328436 -0.00206357 -0.000502825 -0.000289115 -0.00248267 -0.00152324 0.000363356 2.75292e-05 0.000663631 -0.00209617
0.000215249 0.00167568 -0.000527538 -0.00224535 0.000115481 0.000328436 0.00172228 -0.00055867 -0.00244337 -0.000534955 -0.00158193 -0.00170311 0.00076332 -1.99654e-06 0.00038242 -0.00284727
0.00127452 -0.00275053 -0.000444423 0.00299196 -0.000140569 -0.00206357 -0.00055867 0.00528044 0.00175469 0.000343661 0.0106225 0.00625752 -0.00127144 -5.2794e-05 -0.000767689 0.00671423
0.00204074 -0.000983184 0.000589741 0.00101538 -7.76676e-05 -0.000502825 -0.00244337 0.00175469 0.0058625 -0.00110386 0.010596 0.0103412 -0.000924696 1.25679e-05 -0.000288458 0.00573615
-0.00194464 0.00273388 0.000449471 0.000630484 -5.41754e-05 -0.000289115 -0.000534955 0.000343661 -0.00110386 0.00437959 0.0105291 0.0056558 -0.000622459 -2.20725e-05 0.000522736 -0.00115671
0.00848665 0.0654416 0.000765018 -0.0393941 0.00202145 -0.00248267 -0.00158193 0.0106225 0.010596 0.0105291 0.226067 0.159062 0.0072506 -4.76773e-05 0.00952984 0.0570474
0.00784826 0.0281617 0.000305085 -0.0164756 0.00112989 -0.00152324 -0.00170311 0.00625752 0.0103412 0.0056558 0.159062 0.221418 0.00346537 -3.35112e-05 0.000995439 0.0392732
-0.000980102 -0.00876958 -0.000840151 -0.0301361 0.00256475 0.000363356 0.00076332 -0.00127144 -0.000924696 -0.000622459 0.0072506 0.00346537 0.0377214 6.54585e-05 -0.00633167 -0.0190472
8.06301e-06 8.15602e-06 7.71586e-05 -9.13019e-05 4.81895e-06 2.75292e-05 -1.99654e-06 -5.2794e-05 1.25679e-05 -2.20725e-05 -4.76773e-05 -3.35112e-05 6.54585e-05 0.0039 4.59032e-05 -5.90263e-05
0.000503874 0.0121457 5.36324e-05 -0.00106326 -0.000131779 0.000663631 0.00038242 -0.000767689 -0.000288458 0.000522736 0.00952984 0.000995439 -0.00633167 4.59032e-05 0.031456 0.0310334
0.00482104 0.0239286 -0.00133332 0.00895295 -0.000779272 -0.00209617 -0.00284727 0.00671423 0.00573615 -0.00115671 0.0570474 0.0392732 -0.0190472 -5.90263e-05 0.0310334 0.175271
samples {dataframe}
sample state objective_score prior likelihood penalties additional_priors jacobians step_size acceptance_rate acceptance_rate_since_adapt
1 initialisation 1213.43 4.44659 1208.98 0 0 0 0.02 0 0
1000 burn_in 1213.85 3.24701 1210.19 0.404349 0 0 0.02 0.903 0.903
2000 burn_in 1215.48 3.29435 1211.7 0.490498 0 0 0.02 0.906 0.906
3000 burn_in 1213.45 3.2581 1210.2 0 0 0 0.02 0.906 0.906
4000 burn_in 1212.28 3.64644 1208.63 0 0 0 0.02 0.90925 0.90925
5000 burn_in 1218.72 6.13573 1212.58 0 0 0 0.02 0.9054 0.9054
6000 burn_in 1216.52 8.56651 1207.95 4.25035e-05 0 0 0.02 0.900833 0.900833
7000 burn_in 1213.99 6.23812 1207.23 0.531563 0 0 0.02 0.900714 0.900714
8000 burn_in 1209.73 3.43219 1206.15 0.15415 0 0 0.02 0.901125 0.901125
9000 burn_in 1216.03 4.77181 1208.49 2.76897 0 0 0.02 0.901444 0.901444
10000 burn_in 1212.25 4.26277 1207.13 0.857941 0 0 0.02 0.9013 0.9013
11000 burn_in 1212.59 5.04627 1207.42 0.12014 0 0 0.02 0.900636 0.900636
12000 burn_in 1215.15 2.70419 1212.44 0 0 0 0.02 0.90125 0.90125
13000 burn_in 1214.4 2.90494 1211.49 0 0 0 0.02 0.900231 0.900231
14000 burn_in 1216.45 3.49235 1212.96 0 0 0 0.02 0.900929 0.900929
15000 burn_in 1219.65 3.97146 1215.68 0 0 0 0.02 0.899733 0.899733
16000 burn_in 1211.11 4.92094 1206.18 0.0120432 0 0 0.02 0.899 0.899
17000 burn_in 1213.61 3.02128 1210.59 0 0 0 0.02 0.899471 0.899471
18000 burn_in 1218.54 8.11282 1210.42 0 0 0 0.02 0.899778 0.899778
19000 burn_in 1217.55 6.95428 1210.49 0.104727 0 0 0.02 0.899474 0.899474
20000 burn_in 1212.09 3.50944 1208.55 0.0322218 0 0 0.02 0.89875 0.89875
21000 burn_in 1216.49 6.5398 1209.94 0.00884641 0 0 0.02 0.89881 0.89881
22000 burn_in 1219.33 2.77227 1216.13 0.424183 0 0 0.02 0.898818 0.898818
23000 burn_in 1213.57 3.0283 1210.55 0 0 0 0.02 0.900261 0.900261
24000 burn_in 1215.15 4.66618 1208.06 2.42266 0 0 0.02 0.899083 0.899083
25000 burn_in 1213.05 3.61872 1209.43 0 0 0 0.02 0.89884 0.89884
26000 burn_in 1215.07 2.47736 1212.37 0.218093 0 0 0.02 0.898308 0.898308
27000 burn_in 1213.9 3.68043 1210.22 0 0 0 0.02 0.898741 0.898741
28000 burn_in 1222.52 2.71988 1219.8 0 0 0 0.02 0.899429 0.899429
29000 burn_in 1217.9 2.89297 1215.01 0 0 0 0.02 0.899276 0.899276
30000 burn_in 1219 3.66962 1215.33 0 0 0 0.02 0.8997 0.8997
31000 burn_in 1217.17 5.9614 1211.21 0 0 0 0.02 0.899548 0.899548
32000 burn_in 1214.16 4.08635 1210.08 0 0 0 0.02 0.899875 0.899875
33000 burn_in 1216.67 3.29948 1213.37 0 0 0 0.02 0.899303 0.899303
34000 burn_in 1216.23 4.02455 1212.2 0 0 0 0.02 0.899559 0.899559
35000 burn_in 1217.45 4.30609 1213.04 0.0985721 0 0 0.02 0.899429 0.899429
36000 burn_in 1219.12 5.52332 1211.52 2.07128 0 0 0.02 0.898917 0.898917
37000 burn_in 1217.59 6.69586 1210.78 0.116709 0 0 0.02 0.898568 0.898568
38000 burn_in 1216.37 3.02387 1213.35 0 0 0 0.02 0.899053 0.899053
39000 burn_in 1220.64 2.793 1217.84 0 0 0 0.02 0.898795 0.898795
40000 burn_in 1212.75 3.08311 1209.32 0.344198 0 0 0.02 0.89905 0.89905
41000 burn_in 1217.4 8.65896 1208.64 0.0941441 0 0 0.02 0.899317 0.899317
42000 burn_in 1211.72 4.06352 1207.66 0 0 0 0.02 0.89981 0.89981
43000 burn_in 1214.26 4.93184 1208.79 0.528439 0 0 0.02 0.900209 0.900209
44000 burn_in 1215.82 4.4272 1211.37 0.0282962 0 0 0.02 0.900045 0.900045
45000 burn_in 1212.66 5.35868 1206.09 1.20915 0 0 0.02 0.900333 0.900333
46000 burn_in 1214.17 4.69103 1209.33 0.147616 0 0 0.02 0.90037 0.90037
47000 burn_in 1211.45 2.97567 1208.47 0 0 0 0.02 0.900702 0.900702
48000 burn_in 1213.14 3.32307 1209.81 0 0 0 0.02 0.900875 0.900875
49000 burn_in 1212.96 3.51556 1209.45 0 0 0 0.02 0.901102 0.901102
50000 burn_in 1213.83 4.83349 1209 0 0 0 0.02 0.90124 0.90124
51000 burn_in 1212.68 2.81444 1209.87 0 0 0 0.0751033 0.897216 0.696
52000 burn_in 1217.16 10.6755 1204.84 1.64901 0 0 0.0751033 0.892827 0.6825
53000 burn_in 1215.35 5.6003 1209.09 0.654143 0 0 0.0751033 0.888792 0.681333
54000 burn_in 1218.36 2.4078 1215.95 0 0 0 0.0751033 0.884833 0.67975
55000 burn_in 1220.92 6.44798 1214.47 0 0 0 0.0751033 0.881855 0.688
56000 burn_in 1212.15 5.111 1206.14 0.899628 0 0 0.0751033 0.878732 0.691167
57000 burn_in 1214.76 6.77683 1207.98 0 0 0 0.0751033 0.875351 0.690429
58000 burn_in 1214.8 2.664 1212.14 0 0 0 0.0751033 0.871586 0.68625
59000 burn_in 1212.86 5.12182 1207.72 0.0241108 0 0 0.0751033 0.868492 0.686556
60000 burn_in 1214.34 3.03018 1211.31 0 0 0 0.0751033 0.865333 0.6858
61000 burn_in 1213.47 6.44697 1206.99 0.034657 0 0 0.0751033 0.861918 0.683182
62000 burn_in 1215.36 5.78666 1209.4 0.17133 0 0 0.0751033 0.858694 0.681417
63000 burn_in 1212.95 4.60132 1208.29 0.0540121 0 0 0.0751033 0.855778 0.680923
64000 burn_in 1214.05 4.40278 1209.65 0 0 0 0.0751033 0.853094 0.681143
65000 burn_in 1218.27 4.284 1212.69 1.29223 0 0 0.0751033 0.850231 0.6802
66000 burn_in 1212.42 5.02389 1207.28 0.12072 0 0 0.0751033 0.847318 0.678813
67000 burn_in 1215.34 7.27654 1208.07 0 0 0 0.0751033 0.844642 0.678176
68000 burn_in 1221.37 3.65678 1217.71 0 0 0 0.0751033 0.842309 0.678611
69000 burn_in 1215.13 8.92541 1206.21 0 0 0 0.0751033 0.839783 0.678053
70000 burn_in 1220.97 2.83581 1218.13 0 0 0 0.0751033 0.837529 0.67825
71000 burn_in 1219.87 6.371 1213.5 0 0 0 0.0751033 0.835324 0.678381
72000 burn_in 1214.85 4.3106 1210.54 0 0 0 0.0751033 0.833278 0.678818
73000 burn_in 1215.38 8.69 1204.57 2.11967 0 0 0.0751033 0.83063 0.67713
74000 burn_in 1214.7 5.41991 1206.96 2.31968 0 0 0.0751033 0.828689 0.677542
75000 burn_in 1225.1 2.91402 1222.19 0 0 0 0.0751033 0.826827 0.678
76000 burn_in 1212.78 4.94422 1207.84 0 0 0 0.0751033 0.824658 0.677385
77000 burn_in 1214.13 4.14515 1209.22 0.765578 0 0 0.0751033 0.822571 0.676889
78000 burn_in 1212.69 3.37618 1208.44 0.865857 0 0 0.0751033 0.820218 0.675536
79000 burn_in 1215.95 2.61272 1213.34 0 0 0 0.0751033 0.81843 0.675655
80000 burn_in 1212.77 4.56125 1208.21 0 0 0 0.0751033 0.816725 0.675867
81000 burn_in 1214.8 6.11453 1208.69 0 0 0 0.0751033 0.815123 0.676226
82000 burn_in 1212.33 5.25934 1206.93 0.140271 0 0 0.0751033 0.813476 0.676344
83000 burn_in 1213.69 5.44777 1208.16 0.0824832 0 0 0.0751033 0.811711 0.676061
84000 burn_in 1215.28 3.68334 1211.59 0 0 0 0.0751033 0.810036 0.675912
85000 burn_in 1214.49 3.16171 1211.33 0 0 0 0.0751033 0.808529 0.676086
86000 burn_in 1216.62 2.82663 1213.79 0 0 0 0.0751033 0.807012 0.676139
87000 burn_in 1213.57 5.19974 1208.35 0.0205984 0 0 0.0751033 0.805299 0.675649
88000 burn_in 1212.94 4.44085 1208.41 0.0918842 0 0 0.0751033 0.803739 0.675447
89000 burn_in 1214.87 3.53815 1211.33 0 0 0 0.0751033 0.802292 0.675436
90000 burn_in 1213.27 5.61051 1207.66 0 0 0 0.0751033 0.801044 0.6758
91000 burn_in 1213.59 7.51068 1204.47 1.61343 0 0 0.0751033 0.799714 0.675902
92000 burn_in 1211.87 3.40385 1208.36 0.100364 0 0 0.0751033 0.798413 0.676
93000 burn_in 1217.49 3.1152 1214.37 0 0 0 0.0751033 0.79714 0.676093
94000 burn_in 1217.3 5.5058 1211.79 0 0 0 0.0751033 0.795936 0.676273
95000 burn_in 1216.67 5.3223 1210.55 0.800168 0 0 0.0751033 0.794737 0.6764
96000 burn_in 1214.17 3.93518 1210.23 0 0 0 0.0751033 0.793312 0.676
97000 burn_in 1213.55 5.78784 1207.76 0 0 0 0.0751033 0.79201 0.675809
98000 burn_in 1214.56 3.33958 1211.18 0.0434094 0 0 0.0751033 0.790959 0.676083
99000 burn_in 1216.55 3.51558 1212.97 0.0599468 0 0 0.0751033 0.789879 0.676245
100000 burn_in 1219.45 2.65691 1216.79 0 0 0 0.0751033 0.78886 0.67648
101000 burn_in 1213.6 2.85829 1210.75 0 0 0 0.211691 0.784426 0.341
102000 burn_in 1216.8 3.47101 1213.33 0 0 0 0.211691 0.779882 0.331
103000 burn_in 1214.21 3.40705 1210.8 0 0 0 0.211691 0.77535 0.325
104000 burn_in 1212.81 5.73035 1207.08 0 0 0 0.211691 0.770962 0.3235
105000 burn_in 1211.19 3.72035 1206.81 0.663374 0 0 0.211691 0.766514 0.3196
106000 burn_in 1213.34 3.22125 1210.12 0 0 0 0.211691 0.7625 0.323167
107000 burn_in 1215.8 2.62651 1213.17 0 0 0 0.211691 0.758617 0.326571
108000 burn_in 1211.87 4.34415 1206.95 0.576927 0 0 0.211691 0.754648 0.327
109000 burn_in 1210.79 5.06295 1204.59 1.13587 0 0 0.211691 0.750541 0.324778
110000 burn_in 1210.57 4.64522 1205.32 0.605506 0 0 0.211691 0.746773 0.3259
111000 burn_in 1215.48 3.1641 1211.8 0.517989 0 0 0.211691 0.743081 0.326909
112000 burn_in 1212.97 3.61943 1209.3 0.0444901 0 0 0.211691 0.739375 0.327
113000 burn_in 1217.4 2.73149 1213.02 1.64499 0 0 0.211691 0.735965 0.329077
114000 burn_in 1212.36 2.58192 1209.78 0 0 0 0.211691 0.732377 0.328929
115000 burn_in 1214.04 3.68194 1210.36 0 0 0 0.211691 0.728948 0.329533
116000 burn_in 1219.86 2.87616 1216.98 0 0 0 0.211691 0.725552 0.329875
117000 burn_in 1214.51 2.51155 1212 0 0 0 0.211691 0.722094 0.329353
118000 burn_in 1212.58 4.38283 1208.01 0.187379 0 0 0.211691 0.718568 0.328056
119000 burn_in 1211.89 2.66497 1209.23 0 0 0 0.211691 0.715319 0.328263
120000 burn_in 1215.8 4.75737 1211.04 0 0 0 0.211691 0.711983 0.3276
121000 burn_in 1212.27 3.98194 1208.29 0 0 0 0.211691 0.708992 0.328667
122000 burn_in 1215.66 4.03824 1211.62 0 0 0 0.211691 0.705885 0.328727
123000 burn_in 1216.66 5.51202 1211.15 0 0 0 0.211691 0.702626 0.327696
124000 burn_in 1214.13 6.91775 1207.21 0.00309374 0 0 0.211691 0.699605 0.327708
125000 burn_in 1215.63 2.83238 1212.8 0 0 0 0.211691 0.6966 0.32756
126000 burn_in 1217.46 3.28528 1214.18 0 0 0 0.211691 0.693778 0.328077
127000 burn_in 1213.26 2.46105 1210.8 0 0 0 0.211691 0.690913 0.328148
128000 burn_in 1211.47 4.33124 1207.13 0.0122611 0 0 0.211691 0.687898 0.327321
129000 burn_in 1214.89 3.16805 1211.27 0.451453 0 0 0.211691 0.684953 0.326655
130000 burn_in 1215.87 4.99241 1210.88 0 0 0 0.211691 0.682177 0.326567
131000 burn_in 1217.05 4.75182 1212.3 0 0 0 0.211691 0.679656 0.327387
132000 burn_in 1213.16 6.35224 1206.8 0.00947176 0 0 0.211691 0.677197 0.32825
133000 burn_in 1216.19 6.04905 1209.6 0.540425 0 0 0.211691 0.674624 0.328455
134000 burn_in 1215.82 3.62041 1212.2 0 0 0 0.211691 0.672261 0.329324
135000 burn_in 1212.64 5.23424 1207.4 0.00604897 0 0 0.211691 0.669956 0.330229
136000 burn_in 1219.59 2.5082 1216.79 0.290388 0 0 0.211691 0.667375 0.329917
137000 burn_in 1215.79 4.66337 1210.87 0.254752 0 0 0.211691 0.664912 0.329919
138000 burn_in 1213.44 4.29896 1208.93 0.211992 0 0 0.211691 0.662623 0.330421
139000 burn_in 1216.75 4.2285 1212.4 0.120151 0 0 0.211691 0.660151 0.330128
140000 burn_in 1211.15 4.00465 1207.14 0 0 0 0.211691 0.65775 0.329975
141000 burn_in 1212.55 6.53382 1206.01 0 0 0 0.211691 0.655596 0.330561
142000 burn_in 1212.22 3.10818 1209.11 0 0 0 0.211691 0.653197 0.33019
143000 burn_in 1213.68 3.37742 1210.25 0.058772 0 0 0.211691 0.650951 0.330233
144000 burn_in 1218.9 4.28355 1214.62 0 0 0 0.211691 0.648743 0.330295
145000 burn_in 1211.56 3.48096 1208.07 0 0 0 0.211691 0.646648 0.330622
146000 burn_in 1215.51 3.22671 1212.28 0 0 0 0.211691 0.644637 0.331109
147000 burn_in 1215.61 3.21087 1212.4 0 0 0 0.211691 0.642565 0.331298
148000 burn_in 1216.7 5.4816 1211.22 0 0 0 0.211691 0.640412 0.331146
149000 burn_in 1216.98 2.74561 1214.23 0 0 0 0.211691 0.638255 0.330898
150000 burn_in 1216.79 2.84222 1213.95 0 0 0 0.211691 0.63604 0.3304
151000 burn_in 1211.25 3.64539 1207.24 0.368367 0 0 0.211691 0.634066 0.330549
152000 burn_in 1214.08 3.96586 1209.4 0.716217 0 0 0.211691 0.631882 0.33
153000 burn_in 1211.26 3.70944 1207.55 0 0 0 0.211691 0.629882 0.329925
154000 burn_in 1213.89 2.71029 1211.18 0 0 0 0.211691 0.628026 0.330185
155000 burn_in 1217.62 2.66952 1214.95 0 0 0 0.211691 0.626026 0.329964
156000 burn_in 1217.01 4.77752 1211.81 0.417353 0 0 0.211691 0.624103 0.329893
157000 burn_in 1217.3 7.15707 1208.2 1.94527 0 0 0.211691 0.622115 0.329579
158000 burn_in 1214.93 8.02355 1206.91 0 0 0 0.211691 0.620228 0.329483
159000 burn_in 1214.08 3.195 1210.88 0 0 0 0.211691 0.618654 0.330169
160000 burn_in 1214.04 6.49436 1207.54 0.000295447 0 0 0.211691 0.616675 0.3297
161000 burn_in 1215.68 4.1157 1211.57 0 0 0 0.211691 0.614876 0.329656
162000 burn_in 1214.81 9.31072 1205.48 0.0208259 0 0 0.211691 0.613012 0.329387
163000 burn_in 1217.6 3.09912 1211.44 3.06068 0 0 0.211691 0.611166 0.329111
164000 burn_in 1213.13 3.484 1209.65 0 0 0 0.211691 0.609409 0.329016
165000 burn_in 1218.37 5.37452 1212.99 0 0 0 0.211691 0.607691 0.328969
166000 burn_in 1216.98 5.61593 1210.01 1.35453 0 0 0.211691 0.606235 0.32953
167000 burn_in 1216.72 5.99619 1210.32 0.399841 0 0 0.211691 0.604569 0.329507
168000 burn_in 1217.49 4.82819 1209.69 2.97344 0 0 0.211691 0.602738 0.329029
169000 burn_in 1214.9 5.07346 1209.83 0 0 0 0.211691 0.601095 0.328971
170000 burn_in 1212.36 5.64794 1206.71 0 0 0 0.211691 0.5994 0.328743
171000 burn_in 1218.65 4.50764 1214.14 0 0 0 0.211691 0.597854 0.328831
172000 burn_in 1215.22 3.85122 1211.36 0 0 0 0.211691 0.596203 0.328625
173000 burn_in 1219.56 3.81171 1215.75 0 0 0 0.211691 0.594688 0.328699
174000 burn_in 1213.55 2.66842 1210.88 0 0 0 0.211691 0.593144 0.328662
175000 burn_in 1212.8 3.08693 1209.68 0.0263653 0 0 0.211691 0.591714 0.328853
176000 burn_in 1214.59 2.70394 1211.88 0 0 0 0.211691 0.590182 0.328763
177000 burn_in 1217.6 4.25 1213.35 0 0 0 0.211691 0.588763 0.328896
178000 burn_in 1212.88 4.15693 1208.72 0 0 0 0.211691 0.587213 0.328692
179000 burn_in 1214.52 3.2581 1211.26 0 0 0 0.211691 0.585749 0.328646
180000 burn_in 1215.16 3.01036 1211.54 0.612174 0 0 0.211691 0.584133 0.328225
181000 burn_in 1217.4 4.23011 1213.17 0 0 0 0.211691 0.58274 0.328272
182000 burn_in 1210.74 4.91933 1205.82 0 0 0 0.211691 0.581429 0.328463
183000 burn_in 1214.44 2.77747 1211.4 0.269952 0 0 0.211691 0.580115 0.328614
184000 burn_in 1216 4.7847 1211.21 0.00661044 0 0 0.211691 0.578739 0.328595
185000 burn_in 1210.57 4.70998 1205.84 0.0196477 0 0 0.211691 0.577416 0.328659
186000 burn_in 1215.08 4.40468 1210.67 0 0 0 0.211691 0.575957 0.328395
187000 burn_in 1213.21 3.64126 1209.57 0 0 0 0.211691 0.574529 0.328172
188000 burn_in 1213.34 2.3634 1210.98 0 0 0 0.211691 0.573229 0.328193
189000 burn_in 1216.75 3.2602 1213.49 0 0 0 0.211691 0.572005 0.328348
190000 burn_in 1215.8 3.92686 1211.88 0 0 0 0.211691 0.570721 0.328344
191000 burn_in 1215.82 2.62799 1213.19 0 0 0 0.211691 0.569382 0.328198
192000 burn_in 1213 4.27056 1208.73 0 0 0 0.211691 0.56824 0.328435
193000 burn_in 1214.05 4.22222 1208.9 0.925803 0 0 0.211691 0.566902 0.328237
194000 burn_in 1211.54 6.40172 1202.87 2.27743 0 0 0.211691 0.565784 0.328468
195000 burn_in 1212.98 4.10567 1208.5 0.369759 0 0 0.211691 0.56461 0.328558
196000 burn_in 1211.62 2.543 1209.08 0 0 0 0.211691 0.563316 0.328375
197000 burn_in 1213.17 3.72595 1208.22 1.22193 0 0 0.211691 0.562081 0.328289
198000 burn_in 1219.02 4.435 1214.59 0 0 0 0.211691 0.560823 0.328133
199000 burn_in 1212.15 4.23078 1207.66 0.26005 0 0 0.211691 0.559477 0.327778
200000 burn_in 1212.23 4.20534 1208.03 0 0 0 0.211691 0.558375 0.32789
201000 burn_in 1215.27 6.13318 1209.13 0 0 0 0.289214 0.556607 0.203
202000 burn_in 1212.8 2.9404 1209.86 0 0 0 0.289214 0.554866 0.204
203000 burn_in 1214.48 5.5749 1207.12 1.78713 0 0 0.289214 0.553177 0.206667
204000 burn_in 1214.17 3.33178 1210.59 0.246198 0 0 0.289214 0.5515 0.20775
205000 burn_in 1215.13 2.64084 1212.49 0 0 0 0.289214 0.549917 0.2116
206000 burn_in 1216.78 6.23433 1210.54 0 0 0 0.289214 0.548204 0.209167
207000 burn_in 1214.56 3.19566 1211.37 0 0 0 0.289214 0.546647 0.211571
208000 burn_in 1211.69 2.9015 1208.56 0.231097 0 0 0.289214 0.544995 0.2105
209000 burn_in 1217.83 4.63079 1213.2 0.00182075 0 0 0.289214 0.543349 0.209444
210000 burn_in 1222.92 3.10137 1219.82 0 0 0 0.289214 0.541824 0.2108
211000 burn_in 1215.7 5.59547 1210.1 0 0 0 0.289214 0.540152 0.208818
212000 burn_in 1220.16 6.68094 1213.28 0.202941 0 0 0.289214 0.538401 0.2055
213000 burn_in 1212.77 3.42366 1209.35 0 0 0 0.289214 0.536732 0.203769
214000 burn_in 1213.33 7.68126 1205.58 0.0610868 0 0 0.289214 0.535192 0.204
215000 burn_in 1214.85 3.15436 1211.7 0 0 0 0.289214 0.533665 0.2042
216000 burn_in 1210.93 3.80293 1206.25 0.881082 0 0 0.289214 0.532028 0.202687
217000 burn_in 1212.93 4.49863 1207.91 0.515994 0 0 0.289214 0.53053 0.202941
218000 burn_in 1217.32 5.11819 1212.19 0.0121051 0 0 0.289214 0.528931 0.201778
219000 burn_in 1215.63 3.7435 1211.89 0 0 0 0.289214 0.527274 0.199895
220000 burn_in 1215.79 3.44445 1212.22 0.129182 0 0 0.289214 0.525736 0.19935
221000 burn_in 1220.55 3.79551 1216.55 0.203995 0 0 0.289214 0.52438 0.200619
222000 burn_in 1211.49 4.04479 1207.45 0 0 0 0.289214 0.52305 0.201909
223000 burn_in 1211.55 3.77985 1207.68 0.0884242 0 0 0.289214 0.521592 0.201739
224000 burn_in 1216.42 6.15634 1208.21 2.04866 0 0 0.289214 0.520241 0.202458
225000 burn_in 1211.85 4.60388 1207.25 0 0 0 0.289214 0.518836 0.20252
226000 burn_in 1215.02 3.24865 1211.77 0.000111794 0 0 0.289214 0.517381 0.202038
227000 burn_in 1218.07 8.01656 1209.83 0.217497 0 0 0.289214 0.515991 0.202037
228000 burn_in 1214.85 5.25265 1209.6 0 0 0 0.289214 0.514627 0.202143
229000 burn_in 1214.25 3.59562 1208.64 2.01999 0 0 0.289214 0.513362 0.202931
230000 burn_in 1217.53 3.32491 1214.2 0 0 0 0.289214 0.511983 0.2027
231000 burn_in 1218.73 9.05992 1209.53 0.141064 0 0 0.289214 0.510766 0.203613
232000 burn_in 1220.73 3.37696 1216.62 0.732203 0 0 0.289214 0.50947 0.203813
233000 burn_in 1228.73 5.99961 1222.73 0 0 0 0.289214 0.50812 0.203545
234000 burn_in 1221.12 2.77891 1218.34 0 0 0 0.289214 0.506936 0.204353
235000 burn_in 1214.79 2.71271 1210.76 1.31588 0 0 0.289214 0.505715 0.2048
236000 burn_in 1214.52 4.17913 1210.34 0 0 0 0.289214 0.504436 0.204778
237000 burn_in 1212.46 3.24095 1209.22 0 0 0 0.289214 0.503266 0.205378
238000 burn_in 1219.16 2.80612 1216.35 0 0 0 0.289214 0.501992 0.205237
239000 burn_in 1212.09 5.08748 1207 0 0 0 0.289214 0.50069 0.204872
240000 burn_in 1213.18 3.62025 1209.52 0.0430097 0 0 0.289214 0.499608 0.205775
241000 burn_in 1213.09 5.80058 1207.29 0 0 0 0.289214 0.498386 0.205756
242000 burn_in 1212.34 6.06466 1206.28 0 0 0 0.289214 0.497161 0.205667
243000 burn_in 1214.46 2.87085 1211.3 0.288904 0 0 0.289214 0.495979 0.205767
244000 burn_in 1212.32 3.36524 1208.96 0 0 0 0.289214 0.494824 0.205955
245000 burn_in 1216.33 3.5495 1212.01 0.773243 0 0 0.289214 0.493694 0.206222
246000 burn_in 1214.23 2.62583 1211.6 0 0 0 0.289214 0.492504 0.206109
247000 burn_in 1212.24 4.51969 1207.72 0.000251785 0 0 0.289214 0.491433 0.206574
248000 burn_in 1211.12 2.82393 1208.3 0 0 0 0.289214 0.490266 0.206479
249000 burn_in 1214.88 4.51057 1210.35 0.0222253 0 0 0.289214 0.489169 0.206694
250000 burn_in 1214.5 3.97135 1210.53 0 0 0 0.289214 0.488024 0.20662
251000 burn_in 1220.66 3.34252 1216.15 1.17224 0 0 0.289214 0.486972 0.206961
252000 burn_in 1212.01 2.60374 1209.41 0.00178461 0 0 0.289214 0.48596 0.207442
253000 burn_in 1216.05 4.88327 1211.16 0 0 0 0.289214 0.484885 0.207566
254000 burn_in 1212.69 4.46604 1207.02 1.20155 0 0 0.289214 0.483894 0.208037
255000 burn_in 1216.29 6.34809 1209.41 0.539655 0 0 0.289214 0.482847 0.2082
256000 burn_in 1214.84 5.77704 1208.83 0.232815 0 0 0.289214 0.481801 0.208321
257000 burn_in 1212.41 4.20008 1208.21 0 0 0 0.289214 0.480868 0.208912
258000 burn_in 1212.76 4.64242 1208 0.116647 0 0 0.289214 0.479748 0.208621
259000 burn_in 1214.12 3.00282 1210.75 0.362065 0 0 0.289214 0.478784 0.208983
260000 burn_in 1217.79 3.29489 1214.04 0.454689 0 0 0.289214 0.477846 0.209417
261000 burn_in 1221.94 5.67766 1214.76 1.49715 0 0 0.289214 0.476831 0.209475
262000 burn_in 1215.39 2.9106 1212.48 0 0 0 0.289214 0.475905 0.209871
263000 burn_in 1213.79 3.71242 1210.07 0 0 0 0.289214 0.474844 0.209667
264000 burn_in 1214.24 4.64992 1209.48 0.10372 0 0 0.289214 0.473875 0.209813
265000 burn_in 1212.76 4.27683 1208.49 0 0 0 0.289214 0.472894 0.209877
266000 burn_in 1213.05 5.96364 1206.41 0.676796 0 0 0.289214 0.471914 0.209909
267000 burn_in 1220.98 7.05529 1212.28 1.64562 0 0 0.289214 0.471094 0.210552
268000 burn_in 1214.23 5.13683 1209.09 0 0 0 0.289214 0.470138 0.210618
269000 burn_in 1217.87 3.59354 1213.42 0.863199 0 0 0.289214 0.469238 0.21087
270000 burn_in 1212.97 4.70535 1208.26 0 0 0 0.289214 0.46827 0.210829
271000 burn_in 1212.99 3.92506 1209.06 0 0 0 0.289214 0.467321 0.210831
272000 burn_in 1211.94 6.64064 1205.22 0.0874565 0 0 0.289214 0.466353 0.210736
273000 burn_in 1212.35 5.09049 1207.25 0 0 0 0.289214 0.465465 0.210918
274000 burn_in 1214.65 2.78906 1211.85 0.00389781 0 0 0.289214 0.464558 0.211
275000 burn_in 1217.82 5.75859 1212.06 0 0 0 0.289214 0.463622 0.210947
276000 burn_in 1218.13 4.52929 1213.53 0.0764877 0 0 0.289214 0.462663 0.210789
277000 burn_in 1212.6 2.95743 1209.64 0 0 0 0.289214 0.461827 0.211052
278000 burn_in 1217.09 3.19213 1213.9 0 0 0 0.289214 0.461047 0.211487
279000 burn_in 1212.02 5.72233 1206.12 0.181858 0 0 0.289214 0.460262 0.211873
280000 burn_in 1218.04 2.74187 1215.3 0 0 0 0.289214 0.4594 0.211962
281000 burn_in 1211.83 3.09717 1208.73 0 0 0 0.289214 0.458541 0.212037
282000 burn_in 1220.91 13.7952 1205.21 1.90233 0 0 0.289214 0.457706 0.212171
283000 burn_in 1213.23 8.12629 1204.91 0.196404 0 0 0.289214 0.456841 0.212181
284000 burn_in 1215.06 2.66631 1212.4 0 0 0 0.289214 0.455965 0.212131
285000 burn_in 1215.33 2.7965 1212.53 0 0 0 0.289214 0.455147 0.212259
286000 burn_in 1214.38 4.09741 1209.9 0.390679 0 0 0.289214 0.454367 0.212488
287000 burn_in 1215.03 2.44537 1212.59 0 0 0 0.289214 0.453495 0.212391
288000 burn_in 1215.34 5.41778 1209.11 0.804715 0 0 0.289214 0.452642 0.212341
289000 burn_in 1218.53 7.52632 1211 0 0 0 0.289214 0.451806 0.212326
290000 burn_in 1211.33 4.48534 1206.82 0.0216824 0 0 0.289214 0.451024 0.212467
291000 burn_in 1212.63 4.51525 1208.11 0 0 0 0.289214 0.450261 0.212648
292000 burn_in 1214.36 4.19966 1208.82 1.33645 0 0 0.289214 0.449459 0.212685
293000 burn_in 1213.32 3.42589 1209.13 0.767069 0 0 0.289214 0.448679 0.212774
294000 burn_in 1214.61 2.45991 1212.15 0 0 0 0.289214 0.447884 0.212798
295000 burn_in 1212.07 4.43939 1207.55 0.0867587 0 0 0.289214 0.447095 0.212821
296000 burn_in 1215.97 2.35666 1213.61 0 0 0 0.289214 0.446368 0.213021
297000 burn_in 1212.4 4.28663 1208.11 0 0 0 0.289214 0.445663 0.213268
298000 burn_in 1211.76 3.71162 1208.05 0 0 0 0.289214 0.444826 0.213092
299000 burn_in 1214.77 3.90399 1208.52 2.34824 0 0 0.289214 0.444074 0.213162
300000 burn_in 1210.35 5.81357 1204.47 0.0678845 0 0 0.289214 0.4433 0.21315
301000 burn_in 1213.65 3.60808 1210.05 0 0 0 0.289214 0.442605 0.213356
302000 burn_in 1213.09 2.96805 1209.41 0.71788 0 0 0.289214 0.441861 0.213402
303000 burn_in 1212.62 6.34949 1205.76 0.503548 0 0 0.289214 0.441099 0.213379
304000 burn_in 1218.5 3.21662 1215.29 0 0 0 0.289214 0.440391 0.2135
305000 burn_in 1214.11 4.52852 1209.58 0 0 0 0.289214 0.439715 0.213695
306000 burn_in 1223.07 3.95888 1217.93 1.17354 0 0 0.289214 0.438951 0.213623
307000 burn_in 1220.46 2.52689 1217.8 0.129067 0 0 0.289214 0.438202 0.213579
308000 burn_in 1212.76 2.93572 1209.83 0 0 0 0.289214 0.437494 0.213639
309000 burn_in 1215.5 6.0268 1208.58 0.893291 0 0 0.289214 0.436835 0.213826
310000 burn_in 1217.44 4.07321 1213.36 0 0 0 0.289214 0.436058 0.213664
311000 burn_in 1215.12 6.24854 1208.74 0.12981 0 0 0.289214 0.435386 0.213784
312000 burn_in 1216.82 9.67466 1207.15 0 0 0 0.289214 0.434638 0.213679
313000 burn_in 1216.93 3.5642 1210.18 3.18445 0 0 0.289214 0.433872 0.213513
314000 burn_in 1217.64 7.44163 1210.2 0 0 0 0.289214 0.433191 0.21357
315000 burn_in 1210.13 4.61711 1205.52 0 0 0 0.289214 0.432575 0.213791
316000 burn_in 1216.86 3.59985 1213.25 0.010144 0 0 0.289214 0.431896 0.213828
317000 burn_in 1212.7 4.81027 1207.89 0 0 0 0.289214 0.431186 0.213769
318000 burn_in 1216.63 2.61588 1214.02 0 0 0 0.289214 0.430547 0.21389
319000 burn_in 1211.28 5.38955 1205.68 0.208234 0 0 0.289214 0.429853 0.213849
320000 burn_in 1217.78 4.63679 1210.71 2.43207 0 0 0.289214 0.429166 0.213817
321000 burn_in 1218.63 6.03194 1212.59 0 0 0 0.289214 0.428526 0.213901
322000 burn_in 1222.9 5.37601 1217.52 0 0 0 0.289214 0.427925 0.214074
323000 burn_in 1210.28 3.12456 1207.15 0 0 0 0.289214 0.427198 0.213902
324000 burn_in 1215.86 2.69266 1213.17 0 0 0 0.289214 0.426608 0.214081
325000 burn_in 1215 5.7039 1206.27 3.0231 0 0 0.289214 0.425942 0.214048
326000 burn_in 1216.92 3.09435 1213.38 0.442885 0 0 0.289214 0.425328 0.214143
327000 burn_in 1212.75 4.37853 1208.37 0 0 0 0.289214 0.424725 0.214252
328000 burn_in 1214.91 2.5643 1212.34 0 0 0 0.289214 0.423988 0.214008
329000 burn_in 1212.85 2.82358 1210.02 0.0108418 0 0 0.289214 0.42345 0.214264
330000 burn_in 1220.33 5.00182 1214.31 1.02334 0 0 0.289214 0.422812 0.214254
331000 burn_in 1220.11 2.91403 1217.2 0 0 0 0.289214 0.422157 0.214191
332000 burn_in 1211.62 3.88423 1207.72 0.0195919 0 0 0.289214 0.421599 0.214364
333000 burn_in 1214.83 2.71109 1212.12 0 0 0 0.289214 0.420946 0.214286
334000 burn_in 1212.46 4.85475 1207.33 0.277313 0 0 0.289214 0.420431 0.214545
335000 burn_in 1217.67 2.93003 1214.74 0 0 0 0.289214 0.419884 0.214711
336000 burn_in 1214.56 5.63705 1208.92 0 0 0 0.289214 0.419369 0.214949
337000 burn_in 1214.6 4.36082 1210.24 0 0 0 0.289214 0.418816 0.21508
338000 burn_in 1217.5 8.67224 1208.79 0.0420009 0 0 0.289214 0.418172 0.214978
339000 burn_in 1214.3 4.72022 1209.58 0 0 0 0.289214 0.417534 0.214885
340000 burn_in 1216.89 4.44268 1212.45 0 0 0 0.289214 0.416888 0.214764
341000 burn_in 1211.94 3.46473 1208.06 0.414861 0 0 0.289214 0.416276 0.214716
342000 burn_in 1227.04 4.04554 1223 0 0 0 0.289214 0.415711 0.214775
343000 burn_in 1212.91 7.31271 1205.58 0.0217378 0 0 0.289214 0.415134 0.214797
344000 burn_in 1214.36 5.32206 1208.86 0.183913 0 0 0.289214 0.41459 0.214889
345000 burn_in 1214.51 3.65233 1210.86 0 0 0 0.289214 0.413965 0.214779
346000 burn_in 1212.85 5.5323 1205.68 1.63675 0 0 0.289214 0.413434 0.214884
347000 burn_in 1218.15 2.97369 1215.18 0 0 0 0.289214 0.412893 0.214959
348000 burn_in 1213.78 4.20961 1209.57 0 0 0 0.289214 0.412305 0.214912
349000 burn_in 1221.99 2.86521 1219.1 0.0253536 0 0 0.289214 0.411734 0.214899
350000 burn_in 1210.85 3.95289 1206.73 0.159978 0 0 0.289214 0.411157 0.214867
351000 burn_in 1212.53 3.56006 1208.33 0.635719 0 0 0.289214 0.410655 0.215
352000 burn_in 1214.21 7.5212 1206.69 0 0 0 0.289214 0.410125 0.215059
353000 burn_in 1213.8 5.42434 1208.37 0 0 0 0.289214 0.409558 0.215026
354000 burn_in 1212.89 6.68039 1206.21 0 0 0 0.289214 0.408997 0.215
355000 burn_in 1215.95 3.23369 1212.71 0 0 0 0.289214 0.408451 0.215
356000 burn_in 1216.26 5.44178 1210.81 0.00842785 0 0 0.289214 0.407904 0.214994
357000 burn_in 1214.61 3.08351 1211.53 0 0 0 0.289214 0.407325 0.214904
358000 burn_in 1215.13 5.05154 1209.52 0.554735 0 0 0.289214 0.406793 0.214918
359000 burn_in 1214.94 3.52277 1211.41 0.0106337 0 0 0.289214 0.406373 0.215176
360000 burn_in 1211.59 3.27854 1207.39 0.912568 0 0 0.289214 0.405822 0.215131
361000 burn_in 1215.57 6.20265 1209.37 0 0 0 0.289214 0.405277 0.215093
362000 burn_in 1214.85 2.94249 1211 0.910797 0 0 0.289214 0.404856 0.215327
363000 burn_in 1212 4.4424 1207.56 0 0 0 0.289214 0.404322 0.215301
364000 burn_in 1219.96 2.83467 1216.56 0.561871 0 0 0.289214 0.403816 0.215329
365000 burn_in 1216.33 3.31403 1213.02 0 0 0 0.289214 0.403373 0.215491
366000 burn_in 1217.93 4.83498 1212.77 0.324165 0 0 0.289214 0.40288 0.215536
367000 burn_in 1215.19 6.52605 1208.67 0 0 0 0.289214 0.402365 0.215527
368000 burn_in 1212.41 2.56511 1209.85 0 0 0 0.289214 0.401853 0.215518
369000 burn_in 1213.16 5.06888 1208.01 0.0754615 0 0 0.289214 0.401344 0.215509
370000 burn_in 1216.89 4.15654 1212.73 0 0 0 0.289214 0.400846 0.215518
371000 burn_in 1211.77 2.70148 1208.87 0.196566 0 0 0.289214 0.400307 0.215433
372000 burn_in 1217.82 3.55958 1214.13 0.12763 0 0 0.289214 0.399691 0.215174
373000 burn_in 1220.38 4.21465 1216.16 0 0 0 0.289214 0.399161 0.215098
374000 burn_in 1215.93 3.12989 1212.49 0.307605 0 0 0.289214 0.398668 0.215098
375000 burn_in 1213.84 3.8491 1209.33 0.654429 0 0 0.289214 0.398139 0.215011
376000 burn_in 1213.2 3.05757 1210 0.149951 0 0 0.289214 0.39766 0.215028
377000 burn_in 1213.99 4.24262 1209.75 0 0 0 0.289214 0.397119 0.21491
378000 burn_in 1217.94 5.65422 1212 0.287226 0 0 0.289214 0.396542 0.214708
379000 burn_in 1215.95 3.89174 1211.19 0.872118 0 0 0.289214 0.395997 0.21457
380000 burn_in 1215.55 3.17723 1212.37 0 0 0 0.289214 0.3955 0.214528
381000 burn_in 1214.73 2.51015 1212.22 0 0 0 0.289214 0.394932 0.214331
382000 burn_in 1215.3 4.84291 1207.06 3.39764 0 0 0.289214 0.394387 0.214181
383000 burn_in 1219.75 3.70348 1216.05 0 0 0 0.289214 0.393883 0.214109
384000 burn_in 1211.52 4.35675 1207.17 0.000151989 0 0 0.289214 0.393367 0.214011
385000 burn_in 1214.71 4.68022 1210.03 0 0 0 0.289214 0.392891 0.213989
386000 burn_in 1212.34 4.12164 1207.52 0.703217 0 0 0.289214 0.392407 0.213946
387000 burn_in 1216.26 4.74531 1211.51 0 0 0 0.289214 0.391928 0.213909
388000 burn_in 1212.02 4.82147 1206.9 0.302838 0 0 0.289214 0.391454 0.213878
389000 burn_in 1215.84 3.39666 1212.44 0 0 0 0.289214 0.390987 0.213857
390000 burn_in 1215.76 2.49445 1213.16 0.111767 0 0 0.289214 0.390472 0.213732
391000 burn_in 1211.51 3.5496 1207.96 0 0 0 0.289214 0.390026 0.213743
392000 burn_in 1218.51 10.6247 1207.44 0.44772 0 0 0.289214 0.389526 0.213641
393000 burn_in 1217.51 5.2682 1212.25 0 0 0 0.289214 0.389066 0.213617
394000 burn_in 1220.7 2.89759 1217.8 0 0 0 0.289214 0.388683 0.213742
395000 burn_in 1219.73 3.0467 1216.68 0 0 0 0.289214 0.388228 0.213718
396000 burn_in 1218.56 4.46554 1213.72 0.372707 0 0 0.289214 0.387816 0.213776
397000 burn_in 1214.59 2.90983 1211.68 0 0 0 0.289214 0.387406 0.213832
398000 burn_in 1217.08 4.27122 1212.81 0 0 0 0.289214 0.38692 0.213732
399000 burn_in 1216.45 8.92507 1207.53 0 0 0 0.289214 0.386491 0.213744
400000 burn_in 1213.17 6.74006 1206.43 0 0 0 0.289214 0.386132 0.21389
401000 burn_in 1213.99 5.73414 1207.74 0.512377 0 0 0.289214 0.385736 0.213955
402000 burn_in 1212.99 2.76761 1210.22 0 0 0 0.289214 0.385241 0.213822
403000 burn_in 1217.2 2.40626 1214.79 0 0 0 0.289214 0.384854 0.213897
404000 burn_in 1210.75 2.67421 1208.05 0.0310232 0 0 0.289214 0.38453 0.214093
405000 burn_in 1212.86 3.73136 1209.13 0 0 0 0.289214 0.384094 0.214063
406000 burn_in 1216.84 7.24655 1207.85 1.74158 0 0 0.289214 0.383682 0.214078
407000 burn_in 1215.94 3.68567 1212.25 0 0 0 0.289214 0.383246 0.214039
408000 burn_in 1213.59 3.69704 1209.58 0.316882 0 0 0.289214 0.382824 0.214024
409000 burn_in 1212.66 4.07014 1208.51 0.0811847 0 0 0.289214 0.382469 0.214139
410000 burn_in 1212.27 7.69468 1203.69 0.886754 0 0 0.289214 0.382034 0.21409
411000 burn_in 1214.91 6.99292 1206.09 1.82349 0 0 0.289214 0.381633 0.214104
412000 burn_in 1220.52 9.13995 1209.21 2.16853 0 0 0.289214 0.381267 0.214184
413000 burn_in 1212.26 5.89479 1206.05 0.308645 0 0 0.289214 0.380884 0.214225
414000 burn_in 1215.56 6.1765 1209.38 0 0 0 0.289214 0.380423 0.214112
415000 burn_in 1216.6 3.44971 1213.15 0 0 0 0.289214 0.380116 0.214293
416000 burn_in 1215.7 2.5614 1213.14 0 0 0 0.289214 0.379752 0.214361
417000 burn_in 1211.05 4.80643 1205.54 0.702408 0 0 0.289214 0.379324 0.2143
418000 burn_in 1213.73 6.42441 1206.6 0.710599 0 0 0.289214 0.378871 0.214188
419000 burn_in 1211.84 3.35694 1208.25 0.231459 0 0 0.289214 0.378458 0.214151
420000 burn_in 1218.8 8.06126 1210.02 0.713777 0 0 0.289214 0.378081 0.214177
421000 burn_in 1218.68 3.36344 1213.86 1.45444 0 0 0.289214 0.377717 0.214226
422000 burn_in 1213.77 4.82965 1208.31 0.637121 0 0 0.289214 0.377377 0.214315
423000 burn_in 1213.53 2.7995 1210.73 0 0 0 0.289214 0.376983 0.2143
424000 burn_in 1223.08 4.79063 1218.29 0 0 0 0.289214 0.376653 0.214402
425000 burn_in 1216.23 4.56778 1211.66 0 0 0 0.289214 0.376268 0.214396
426000 burn_in 1215.77 3.41304 1211.19 1.1651 0 0 0.289214 0.375871 0.214363
427000 burn_in 1214.32 3.47141 1210.84 0 0 0 0.289214 0.375529 0.214432
428000 burn_in 1221.8 5.61458 1216.18 0 0 0 0.289214 0.375196 0.214513
429000 burn_in 1215.44 3.24105 1211.48 0.718799 0 0 0.289214 0.374855 0.214576
430000 burn_in 1220.87 8.89416 1211.35 0.631641 0 0 0.289214 0.374495 0.2146
431000 burn_in 1218.52 5.56128 1212.96 0 0 0 0.289214 0.374137 0.214623
432000 burn_in 1213.07 5.33564 1207.74 0.000796215 0 0 0.289214 0.373787 0.214659
433000 burn_in 1216.27 3.96997 1212.3 0 0 0 0.289214 0.37343 0.214678
434000 burn_in 1215.44 2.75927 1212.68 0 0 0 0.289214 0.373092 0.214731
435000 burn_in 1214.68 7.25825 1206.05 1.36883 0 0 0.289214 0.372671 0.214626
436000 burn_in 1214.3 2.59125 1211.71 0 0 0 0.289214 0.372351 0.214703
437000 burn_in 1215.68 3.67671 1212.01 0 0 0 0.289214 0.372014 0.214747
438000 burn_in 1217.46 3.19484 1213.95 0.315642 0 0 0.289214 0.371703 0.214836
439000 burn_in 1218.23 6.36484 1209.2 2.67141 0 0 0.289214 0.371374 0.214887
440000 burn_in 1215.43 3.53799 1211.9 0 0 0 0.289214 0.371 0.214854
441000 burn_in 1215.57 3.5834 1210.78 1.20242 0 0 0.289214 0.370592 0.214755
442000 burn_in 1213.9 4.75038 1209.15 0 0 0 0.289214 0.370186 0.214657
443000 burn_in 1214.99 3.54255 1209.76 1.68631 0 0 0.289214 0.36981 0.214613
444000 burn_in 1215.85 4.52829 1211.32 0 0 0 0.289214 0.369399 0.2145
445000 burn_in 1210.97 3.2256 1207.75 0 0 0 0.289214 0.36902 0.214445
446000 burn_in 1217.64 3.99712 1213.65 0 0 0 0.289214 0.368688 0.214472
447000 burn_in 1212.92 4.07855 1208.85 0 0 0 0.289214 0.368398 0.214571
448000 burn_in 1216.2 3.26306 1212.94 0 0 0 0.289214 0.368038 0.21454
449000 burn_in 1215.97 3.6244 1212.3 0.0507553 0 0 0.289214 0.367679 0.21451
450000 burn_in 1212.2 4.00289 1208.2 0 0 0 0.289214 0.367384 0.214592
451000 burn_in 1217.3 3.93791 1213.19 0.1707 0 0 0.289214 0.36704 0.214582
452000 burn_in 1217.62 3.42132 1213.67 0.527771 0 0 0.289214 0.366759 0.214683
453000 burn_in 1214.93 6.35284 1208.58 0 0 0 0.289214 0.366406 0.214652
454000 burn_in 1216.29 3.2592 1208.99 4.03243 0 0 0.289214 0.366051 0.214614
455000 burn_in 1215.36 3.19792 1212.04 0.122043 0 0 0.289214 0.36569 0.214565
456000 burn_in 1217.09 2.86384 1213.48 0.754296 0 0 0.289214 0.365353 0.214555
457000 burn_in 1220.43 3.04706 1217.38 0 0 0 0.289214 0.365015 0.214541
458000 burn_in 1215.14 4.39654 1210.68 0.0625436 0 0 0.289214 0.364723 0.214605
459000 burn_in 1213.97 4.11611 1209.75 0.102801 0 0 0.289214 0.364338 0.214502
460000 burn_in 1215.59 4.48771 1211.11 0 0 0 0.289214 0.364067 0.2146
461000 burn_in 1213.85 4.82586 1208.06 0.962229 0 0 0.289214 0.363727 0.214571
462000 burn_in 1214.23 9.83779 1204.12 0.269647 0 0 0.289214 0.363411 0.214584
463000 burn_in 1211.95 3.7634 1208.15 0.0350604 0 0 0.289214 0.363132 0.214658
464000 burn_in 1214.56 4.81976 1209.45 0.283398 0 0 0.289214 0.362812 0.214659
465000 burn_in 1217.87 5.01302 1212.75 0.109528 0 0 0.289214 0.362501 0.214672
466000 burn_in 1214.74 4.15662 1210.05 0.530603 0 0 0.289214 0.362236 0.214763
467000 burn_in 1211.69 4.79596 1206.76 0.128232 0 0 0.289214 0.361925 0.214772
468000 burn_in 1212.47 3.49787 1208.97 0 0 0 0.289214 0.361583 0.214724
469000 burn_in 1216.37 5.98975 1210.04 0.33141 0 0 0.289214 0.361275 0.214732
470000 burn_in 1215.91 5.5431 1208.63 1.7373 0 0 0.289214 0.360998 0.214793
471000 burn_in 1215.73 2.75973 1212.97 0 0 0 0.289214 0.36069 0.214797
472000 burn_in 1213.74 3.58592 1210.16 0.00146146 0 0 0.289214 0.3604 0.214831
473000 burn_in 1213.29 3.21126 1207.3 2.77687 0 0 0.289214 0.360135 0.214905
474000 burn_in 1213.92 3.52883 1210.39 0 0 0 0.289214 0.359857 0.214953
475000 burn_in 1217.85 7.98173 1209.87 0 0 0 0.289214 0.359602 0.21504
476000 burn_in 1219.78 4.53256 1215.24 0 0 0 0.289214 0.359321 0.21508
477000 burn_in 1216.5 3.51773 1212.99 0 0 0 0.289214 0.359044 0.215123
478000 burn_in 1215.36 8.45466 1204.91 1.99288 0 0 0.289214 0.358711 0.215068
479000 burn_in 1210.94 3.63353 1207.31 0.00415368 0 0 0.289214 0.358428 0.215097
480000 burn_in 1212.22 5.03339 1207.18 0 0 0 0.289214 0.35819 0.2152
481000 burn_in 1216.89 3.41953 1212.17 1.29449 0 0 0.289214 0.357919 0.215246
482000 burn_in 1210.41 4.64507 1205.72 0.0407079 0 0 0.289214 0.357581 0.215174
