*mcmc_objective[MCMCObjective]
starting_covariance_matrix {matrix}
parameter_transformation[logRecruitment].log_parameter selectivity[TransitionMale].a50 selectivity[TransitionMale].ato95 age_length[AgeLength].Linf age_length[AgeLength].k time_varying[M_time_var_Male].values{1994} time_varying[M_time_var_Male].values{2015} time_varying[M_time_var_Primi].values{1994} time_varying[M_time_var_Primi].values{2015} catchability[SurveyqM].q selectivity[SurveyMale].a50 selectivity[SurveyMale].ato95 selectivity[FishingMale].a50 selectivity[FishingMale].ato95 selectivity[FishingPrimiFemale].alpha selectivity[FishingMultiFemale].alpha
0.00331846 0.001119 -0.000197487 -0.000225838 -3.68203e-05 0.000268431 0.000215249 0.00127452 0.00204074 -0.00194464 0.00848665 0.00784826 -0.000980102 8.06301e-06 0.000503874 0.00482104
0.001119 0.0748497 -0.00503707 -0.00428257 -0.000581432 0.00200178 0.00167568 -0.00275053 -0.000983184 0.00273388 0.0654416 0.0281617 -0.00876958 8.15602e-06 0.0121457 0.0239286
-0.000197487 -0.00503707 0.00557277 0.00145843 -0.000121082 0.000176093 -0.000527538 -0.000444423 0.000589741 0.000449471 0.000765018 0.000305085 -0.000840151 7.71586e-05 5.36324e-05 -0.00133332
-0.000225838 -0.00428257 0.00145843 0.0809833 -0.00418979 -0.00167032 -0.00224535 0.00299196 0.00101538 0.000630484 -0.0393941 -0.0164756 -0.0301361 -9.13019e-05 -0.00106326 0.00895295
-3.68203e-05 -0.000581432 -0.000121082 -0.00418979 0.000338695 6.17817e-05 0.000115481 -0.000140569 -7.76676e-05 -5.41754e-05 0.00202145 0.00112989 0.00256475 4.81895e-06 -0.000131779 -0.000779272
0.000268431 0.00200178 0.000176093 -0.00167032 6.17817e-05 0.00126005 0.000328436 -0.00206357 -0.000502825 -0.000289115 -0.00248267 -0.00152324 0.000363356 2.75292e-05 0.000663631 -0.00209617
0.000215249 0.00167568 -0.000527538 -0.00224535 0.000115481 0.000328436 0.00172228 -0.00055867 -0.00244337 -0.000534955 -0.00158193 -0.00170311 0.00076332 -1.99654e-06 0.00038242 -0.00284727
0.00127452 -0.00275053 -0.000444423 0.00299196 -0.000140569 -0.00206357 -0.00055867 0.00528044 0.00175469 0.000343661 0.0106225 0.00625752 -0.00127144 -5.2794e-05 -0.000767689 0.00671423
0.00204074 -0.000983184 0.000589741 0.00101538 -7.76676e-05 -0.000502825 -0.00244337 0.00175469 0.0058625 -0.00110386 0.010596 0.0103412 -0.000924696 1.25679e-05 -0.000288458 0.00573615
-0.00194464 0.00273388 0.000449471 0.000630484 -5.41754e-05 -0.000289115 -0.000534955 0.000343661 -0.00110386 0.00437959 0.0105291 0.0056558 -0.000622459 -2.20725e-05 0.000522736 -0.00115671
0.00848665 0.0654416 0.000765018 -0.0393941 0.00202145 -0.00248267 -0.00158193 0.0106225 0.010596 0.0105291 0.226067 0.159062 0.0072506 -4.76773e-05 0.00952984 0.0570474
0.00784826 0.0281617 0.000305085 -0.0164756 0.00112989 -0.00152324 -0.00170311 0.00625752 0.0103412 0.0056558 0.159062 0.221418 0.00346537 -3.35112e-05 0.000995439 0.0392732
-0.000980102 -0.00876958 -0.000840151 -0.0301361 0.00256475 0.000363356 0.00076332 -0.00127144 -0.000924696 -0.000622459 0.0072506 0.00346537 0.0377214 6.54585e-05 -0.00633167 -0.0190472
8.06301e-06 8.15602e-06 7.71586e-05 -9.13019e-05 4.81895e-06 2.75292e-05 -1.99654e-06 -5.2794e-05 1.25679e-05 -2.20725e-05 -4.76773e-05 -3.35112e-05 6.54585e-05 0.0039 4.59032e-05 -5.90263e-05
0.000503874 0.0121457 5.36324e-05 -0.00106326 -0.000131779 0.000663631 0.00038242 -0.000767689 -0.000288458 0.000522736 0.00952984 0.000995439 -0.00633167 4.59032e-05 0.031456 0.0310334
0.00482104 0.0239286 -0.00133332 0.00895295 -0.000779272 -0.00209617 -0.00284727 0.00671423 0.00573615 -0.00115671 0.0570474 0.0392732 -0.0190472 -5.90263e-05 0.0310334 0.175271
samples {dataframe}
sample state objective_score prior likelihood penalties additional_priors jacobians step_size acceptance_rate acceptance_rate_since_adapt
1 initialisation 1230.03 5.86783 1220.31 3.85581 0 0 0.02 0 0
1000 burn_in 1211.74 5.93047 1205.63 0.174775 0 0 0.02 0.896 0.896
2000 burn_in 1211.96 5.65848 1205.98 0.323509 0 0 0.02 0.9085 0.9085
3000 burn_in 1213.78 3.3188 1210.46 0 0 0 0.02 0.911333 0.911333
4000 burn_in 1215.28 6.10158 1209.02 0.159609 0 0 0.02 0.9085 0.9085
5000 burn_in 1212.39 3.12205 1209.27 0 0 0 0.02 0.904 0.904
6000 burn_in 1210.51 3.3969 1206.97 0.142763 0 0 0.02 0.904167 0.904167
7000 burn_in 1212.93 4.21619 1208.63 0.0845233 0 0 0.02 0.907286 0.907286
8000 burn_in 1212.49 4.57029 1207.85 0.0702198 0 0 0.02 0.9075 0.9075
9000 burn_in 1217.46 2.64086 1214.82 0 0 0 0.02 0.907333 0.907333
10000 burn_in 1213.66 2.72046 1210.94 0 0 0 0.02 0.9089 0.9089
11000 burn_in 1213.22 3.47843 1209.68 0.0575492 0 0 0.02 0.908455 0.908455
12000 burn_in 1215.04 4.08701 1210.95 0 0 0 0.02 0.908167 0.908167
13000 burn_in 1214.9 4.79751 1208.44 1.66347 0 0 0.02 0.908308 0.908308
14000 burn_in 1216.83 2.9576 1213.87 0 0 0 0.02 0.909429 0.909429
15000 burn_in 1213.32 4.61903 1208.46 0.246282 0 0 0.02 0.908867 0.908867
16000 burn_in 1216.1 4.6528 1210.79 0.65863 0 0 0.02 0.908625 0.908625
17000 burn_in 1215.72 4.84859 1208.35 2.52053 0 0 0.02 0.907824 0.907824
18000 burn_in 1214.5 6.55461 1206.44 1.49823 0 0 0.02 0.907556 0.907556
19000 burn_in 1215.49 6.24487 1209.25 0 0 0 0.02 0.908316 0.908316
20000 burn_in 1212.23 4.45263 1207.18 0.596863 0 0 0.02 0.90875 0.90875
21000 burn_in 1212.71 5.01047 1207.7 0 0 0 0.02 0.909476 0.909476
22000 burn_in 1212.69 4.02979 1208.66 0 0 0 0.02 0.908545 0.908545
23000 burn_in 1220.46 3.85332 1216.6 0 0 0 0.02 0.909087 0.909087
24000 burn_in 1219.35 2.53999 1216.81 0 0 0 0.02 0.908125 0.908125
25000 burn_in 1217.65 4.17352 1213.48 0 0 0 0.02 0.90664 0.90664
26000 burn_in 1215.36 2.47575 1212.88 0 0 0 0.02 0.906346 0.906346
27000 burn_in 1212.59 3.0782 1209.51 0 0 0 0.02 0.906481 0.906481
28000 burn_in 1210.57 2.57747 1208 0 0 0 0.02 0.907214 0.907214
29000 burn_in 1211.49 4.36197 1207.12 0 0 0 0.02 0.907138 0.907138
30000 burn_in 1212.72 3.9232 1208.72 0.0779345 0 0 0.02 0.906733 0.906733
31000 burn_in 1214.48 3.81971 1210.66 0 0 0 0.02 0.907161 0.907161
32000 burn_in 1217.12 2.80156 1214.32 0 0 0 0.02 0.907062 0.907062
33000 burn_in 1217.53 3.48968 1214.04 0 0 0 0.02 0.906909 0.906909
34000 burn_in 1218.37 2.66769 1215.7 0 0 0 0.02 0.906529 0.906529
35000 burn_in 1214.35 2.9924 1211.36 0 0 0 0.02 0.906514 0.906514
36000 burn_in 1212.64 3.4266 1209.21 0 0 0 0.02 0.9065 0.9065
37000 burn_in 1215.73 3.17755 1212.55 0 0 0 0.02 0.906514 0.906514
38000 burn_in 1211.06 5.58996 1204.85 0.625324 0 0 0.02 0.906237 0.906237
39000 burn_in 1214.24 3.79317 1210.41 0.031889 0 0 0.02 0.905795 0.905795
40000 burn_in 1214.83 4.25259 1210.12 0.461873 0 0 0.02 0.906075 0.906075
41000 burn_in 1215.47 8.46883 1206.82 0.176135 0 0 0.02 0.905659 0.905659
42000 burn_in 1216.01 8.11434 1207.73 0.167907 0 0 0.02 0.905095 0.905095
43000 burn_in 1216.09 11.1345 1204.95 0 0 0 0.02 0.904256 0.904256
44000 burn_in 1213.53 5.99914 1207.53 0 0 0 0.02 0.904023 0.904023
45000 burn_in 1213.91 2.9566 1210.96 0 0 0 0.02 0.903867 0.903867
46000 burn_in 1216.05 3.07096 1212.98 0 0 0 0.02 0.903935 0.903935
47000 burn_in 1218.88 3.07666 1215.8 0 0 0 0.02 0.903872 0.903872
48000 burn_in 1217.59 2.56945 1215.02 0 0 0 0.02 0.903979 0.903979
49000 burn_in 1213.49 4.95845 1208.53 5.31687e-05 0 0 0.02 0.903673 0.903673
50000 burn_in 1216.2 7.96259 1207.55 0.678701 0 0 0.02 0.90388 0.90388
51000 burn_in 1215.38 3.23264 1212.15 0 0 0 0.0753233 0.900353 0.724
52000 burn_in 1210.48 4.22781 1206.25 0 0 0 0.0753233 0.896327 0.7075
53000 burn_in 1221.31 2.92419 1218.13 0.253908 0 0 0.0753233 0.892019 0.694333
54000 burn_in 1222.55 8.3088 1214.24 0 0 0 0.0753233 0.888037 0.69
55000 burn_in 1216.76 2.94041 1213.82 0 0 0 0.0753233 0.883745 0.6824
56000 burn_in 1213.12 5.56226 1205.38 2.1782 0 0 0.0753233 0.879804 0.679167
57000 burn_in 1210.38 4.24341 1205.71 0.42858 0 0 0.0753233 0.876421 0.680286
58000 burn_in 1214.67 7.12692 1207.15 0.394715 0 0 0.0753233 0.873017 0.680125
59000 burn_in 1213.42 4.25777 1209.16 0 0 0 0.0753233 0.869492 0.678444
60000 burn_in 1214.3 6.78935 1206.59 0.911637 0 0 0.0753233 0.86615 0.6775
61000 burn_in 1212.67 4.83389 1207.75 0.0866442 0 0 0.0753233 0.862459 0.674182
62000 burn_in 1221.15 2.78573 1218.33 0.0373932 0 0 0.0753233 0.859742 0.675833
63000 burn_in 1217.51 4.58413 1209.87 3.04726 0 0 0.0753233 0.856952 0.676462
64000 burn_in 1212.61 3.36374 1209.02 0.224081 0 0 0.0753233 0.854313 0.677286
65000 burn_in 1216.25 2.84005 1213.38 0.0268177 0 0 0.0753233 0.851554 0.677133
66000 burn_in 1212.87 3.1756 1209.7 0 0 0 0.0753233 0.849061 0.67775
67000 burn_in 1217.26 4.0717 1212.07 1.12544 0 0 0.0753233 0.846284 0.676882
68000 burn_in 1216.56 3.14872 1213.41 0 0 0 0.0753233 0.843265 0.674889
69000 burn_in 1219.98 4.54516 1215.43 0 0 0 0.0753233 0.840435 0.673474
70000 burn_in 1217.55 5.06227 1212.48 0 0 0 0.0753233 0.837714 0.6723
71000 burn_in 1214.12 2.91551 1211.2 0 0 0 0.0753233 0.834789 0.670286
72000 burn_in 1217.03 5.84849 1210.45 0.730242 0 0 0.0753233 0.832014 0.668682
73000 burn_in 1215.2 3.74906 1210.9 0.554379 0 0 0.0753233 0.829123 0.666609
74000 burn_in 1213.33 2.66683 1210.3 0.367104 0 0 0.0753233 0.826919 0.666583
75000 burn_in 1216.62 3.41164 1210.55 2.65994 0 0 0.0753233 0.824093 0.66452
76000 burn_in 1216.69 2.76579 1213.92 0 0 0 0.0753233 0.821711 0.663692
77000 burn_in 1214.05 2.65511 1210.78 0.615775 0 0 0.0753233 0.819273 0.662593
78000 burn_in 1214.83 4.19654 1210.63 0.00273992 0 0 0.0753233 0.817436 0.663071
79000 burn_in 1217.35 2.58046 1214.77 0 0 0 0.0753233 0.81538 0.662793
80000 burn_in 1221.42 3.46253 1217.84 0.117432 0 0 0.0753233 0.813163 0.661967
81000 burn_in 1211.63 3.8966 1206.81 0.9259 0 0 0.0753233 0.811235 0.661806
82000 burn_in 1216.28 5.12847 1210.82 0.325379 0 0 0.0753233 0.809268 0.661438
83000 burn_in 1212.15 4.08591 1208.06 0 0 0 0.0753233 0.807386 0.661182
84000 burn_in 1214.9 3.51411 1210.94 0.449675 0 0 0.0753233 0.8055 0.660824
85000 burn_in 1212.35 5.22366 1206.02 1.10537 0 0 0.0753233 0.803929 0.661143
86000 burn_in 1217.63 2.57635 1214.19 0.862932 0 0 0.0753233 0.802116 0.660778
87000 burn_in 1216.23 5.78623 1209.89 0.547221 0 0 0.0753233 0.799908 0.659405
88000 burn_in 1218.39 2.7327 1215.65 0 0 0 0.0753233 0.79783 0.658289
89000 burn_in 1218.29 7.543 1210.26 0.483882 0 0 0.0753233 0.79564 0.656872
90000 burn_in 1216.85 3.07389 1213.78 0 0 0 0.0753233 0.793989 0.656625
91000 burn_in 1217.26 5.64063 1211.13 0.49224 0 0 0.0753233 0.792033 0.655634
92000 burn_in 1215.97 2.49601 1213.48 0 0 0 0.0753233 0.79062 0.655786
93000 burn_in 1212.94 5.24074 1207.21 0.489589 0 0 0.0753233 0.789054 0.655535
94000 burn_in 1213.83 3.81857 1209.53 0.480458 0 0 0.0753233 0.787543 0.655341
95000 burn_in 1212.05 4.97889 1206.78 0.28367 0 0 0.0753233 0.785632 0.654244
96000 burn_in 1218.83 2.66474 1216.16 0 0 0 0.0753233 0.78401 0.653717
97000 burn_in 1220.67 2.81062 1216.35 1.5092 0 0 0.0753233 0.782577 0.653532
98000 burn_in 1218.17 4.04915 1214.12 0 0 0 0.0753233 0.781112 0.653229
99000 burn_in 1218.81 7.80196 1211.01 0 0 0 0.0753233 0.780101 0.653796
100000 burn_in 1212.93 2.81461 1209.9 0.211439 0 0 0.0753233 0.77862 0.65336
101000 burn_in 1213.86 4.60141 1209.26 0 0 0 0.205055 0.773812 0.293
102000 burn_in 1215.38 2.58952 1212.79 0 0 0 0.205055 0.769647 0.321
103000 burn_in 1214.35 4.94773 1208.89 0.515783 0 0 0.205055 0.765524 0.329
104000 burn_in 1219.62 2.73097 1215.35 1.5317 0 0 0.205055 0.761692 0.3385
105000 burn_in 1213.25 3.20975 1209.65 0.398307 0 0 0.205055 0.757286 0.3306
106000 burn_in 1211.87 2.71212 1208.61 0.547513 0 0 0.205055 0.753425 0.3335
107000 burn_in 1212.67 3.24039 1209.43 0 0 0 0.205055 0.749383 0.331714
108000 burn_in 1212.01 4.16697 1207.54 0.3016 0 0 0.205055 0.745463 0.331
109000 burn_in 1214.25 4.99728 1209.25 0 0 0 0.205055 0.741642 0.330778
110000 burn_in 1214.22 3.47982 1210.74 0 0 0 0.205055 0.738055 0.3324
111000 burn_in 1213.9 5.66604 1208.24 0 0 0 0.205055 0.734468 0.333091
112000 burn_in 1213.42 6.1343 1206.96 0.325944 0 0 0.205055 0.731116 0.33525
113000 burn_in 1220.41 4.44657 1215.96 0 0 0 0.205055 0.727611 0.335231
114000 burn_in 1212.91 3.49269 1209.42 0 0 0 0.205055 0.724026 0.334071
115000 burn_in 1222.87 2.57641 1220.29 0 0 0 0.205055 0.720739 0.334867
116000 burn_in 1212.44 5.21101 1207.23 0 0 0 0.205055 0.717534 0.33575
117000 burn_in 1212.27 2.96607 1209.3 0 0 0 0.205055 0.714761 0.339118
118000 burn_in 1215.15 2.92387 1212.23 0 0 0 0.205055 0.711644 0.339556
119000 burn_in 1214.34 2.85336 1211.48 0 0 0 0.205055 0.708445 0.339105
120000 burn_in 1213.22 4.98849 1206 2.22678 0 0 0.205055 0.705442 0.33955
121000 burn_in 1214.67 3.15396 1211.52 0 0 0 0.205055 0.702479 0.339905
122000 burn_in 1217.29 2.92786 1214.36 0 0 0 0.205055 0.699434 0.3395
123000 burn_in 1216.91 9.46409 1206.72 0.722504 0 0 0.205055 0.696455 0.339217
124000 burn_in 1213.71 2.53171 1211.18 0 0 0 0.205055 0.693452 0.338583
125000 burn_in 1217.1 3.22712 1212.62 1.25583 0 0 0.205055 0.69048 0.33792
126000 burn_in 1212.77 4.10353 1208.31 0.3507 0 0 0.205055 0.687762 0.338308
127000 burn_in 1210.96 3.38019 1207.58 0 0 0 0.205055 0.685181 0.339111
128000 burn_in 1217.61 5.57897 1212.03 0 0 0 0.205055 0.682508 0.33925
129000 burn_in 1216.52 2.29564 1214.23 0 0 0 0.205055 0.679946 0.33969
130000 burn_in 1220.21 3.12714 1214.16 2.91832 0 0 0.205055 0.677308 0.3396
131000 burn_in 1212.75 3.73808 1208.99 0.0182723 0 0 0.205055 0.674802 0.339903
132000 burn_in 1215.57 3.05212 1212.51 0.00312541 0 0 0.205055 0.672258 0.339875
133000 burn_in 1212.23 3.39087 1208.84 0 0 0 0.205055 0.669827 0.340152
134000 burn_in 1213.57 3.04198 1210.52 0 0 0 0.205055 0.667321 0.339971
135000 burn_in 1216.23 3.19837 1211.22 1.81191 0 0 0.205055 0.664756 0.339429
136000 burn_in 1214.95 5.15681 1209.17 0.624867 0 0 0.205055 0.662449 0.33975
137000 burn_in 1211.99 4.2144 1205.62 2.14738 0 0 0.205055 0.660117 0.339838
138000 burn_in 1212.71 4.21067 1208.49 0 0 0 0.205055 0.657797 0.339842
139000 burn_in 1214.77 4.67935 1207.69 2.40406 0 0 0.205055 0.655381 0.339385
140000 burn_in 1211.97 4.10206 1207.87 0 0 0 0.205055 0.652993 0.338925
141000 burn_in 1216.2 2.99036 1212.3 0.912518 0 0 0.205055 0.650624 0.338439
142000 burn_in 1214.59 3.44363 1210.14 1.00787 0 0 0.205055 0.648479 0.338619
143000 burn_in 1228.49 13.3148 1209.88 5.29259 0 0 0.205055 0.646238 0.338372
144000 burn_in 1214 2.43082 1211.56 0 0 0 0.205055 0.643944 0.337864
145000 burn_in 1213.85 4.09798 1209.75 0.00407279 0 0 0.205055 0.641821 0.337822
146000 burn_in 1212.38 3.05651 1209.32 0 0 0 0.205055 0.639726 0.337783
147000 burn_in 1213.9 5.34472 1208.52 0.0367091 0 0 0.205055 0.637741 0.338
148000 burn_in 1214.94 4.95276 1209.61 0.369412 0 0 0.205055 0.635703 0.337958
149000 burn_in 1215.23 4.72663 1210.51 0 0 0 0.205055 0.633591 0.337612
150000 burn_in 1212.47 3.636 1208.83 0 0 0 0.205055 0.631673 0.33778
151000 burn_in 1215.93 5.36357 1210.57 0 0 0 0.205055 0.629781 0.337941
152000 burn_in 1209.78 5.41997 1203.96 0.399841 0 0 0.205055 0.628007 0.338365
153000 burn_in 1217.03 3.11157 1213.92 0 0 0 0.205055 0.626033 0.338132
154000 burn_in 1212.99 5.69384 1207.27 0.0284826 0 0 0.205055 0.624032 0.337759
155000 burn_in 1210.51 2.64207 1207.87 0 0 0 0.205055 0.622297 0.338073
156000 burn_in 1224.47 14.5825 1207.06 2.83171 0 0 0.205055 0.620455 0.338018
157000 burn_in 1209.22 4.47838 1204.29 0.444459 0 0 0.205055 0.618637 0.337965
158000 burn_in 1214.17 4.07787 1210.09 0 0 0 0.205055 0.616804 0.33781
159000 burn_in 1214.89 3.17312 1210.67 1.04409 0 0 0.205055 0.615314 0.338525
160000 burn_in 1213.36 2.43155 1210.92 0 0 0 0.205055 0.613725 0.3389
161000 burn_in 1212.77 3.18585 1208.92 0.661195 0 0 0.205055 0.611863 0.338492
162000 burn_in 1214.36 2.6343 1211.73 0 0 0 0.205055 0.610346 0.338935
163000 burn_in 1215.88 4.84283 1211.03 0 0 0 0.205055 0.60862 0.338778
164000 burn_in 1219.86 8.38567 1211.47 0 0 0 0.205055 0.606915 0.338625
165000 burn_in 1215.37 4.74231 1210.62 0.00744368 0 0 0.205055 0.605091 0.338123
166000 burn_in 1214.86 7.95113 1206.91 0 0 0 0.205055 0.603578 0.338364
167000 burn_in 1217.27 5.23216 1212.03 0 0 0 0.205055 0.601958 0.338284
168000 burn_in 1219.61 2.92915 1216.59 0.0863277 0 0 0.205055 0.600458 0.338456
169000 burn_in 1216.76 2.5915 1214.17 0 0 0 0.205055 0.598929 0.338507
170000 burn_in 1214.09 4.30904 1209.78 0 0 0 0.205055 0.597412 0.338543
171000 burn_in 1216.73 2.90224 1213.83 0 0 0 0.205055 0.595936 0.338634
172000 burn_in 1218.96 4.02867 1214.93 0 0 0 0.205055 0.5945 0.338778
173000 burn_in 1212.44 5.52859 1206.88 0.0325159 0 0 0.205055 0.592948 0.338603
174000 burn_in 1212.06 5.74823 1205.3 1.00561 0 0 0.205055 0.591483 0.338595
175000 burn_in 1213.19 3.51105 1209.68 0 0 0 0.205055 0.589971 0.33844
176000 burn_in 1211.93 6.32408 1205.35 0.257605 0 0 0.205055 0.588631 0.338645
177000 burn_in 1213.46 5.04731 1208.21 0.202671 0 0 0.205055 0.587294 0.338818
178000 burn_in 1215.13 5.69737 1208.91 0.524301 0 0 0.205055 0.585893 0.338808
179000 burn_in 1216.5 6.77746 1209.73 0 0 0 0.205055 0.584642 0.339101
180000 burn_in 1216.87 4.81918 1211.84 0.213286 0 0 0.205055 0.583283 0.339112
181000 burn_in 1218.6 5.69596 1212.91 0 0 0 0.205055 0.581829 0.338877
182000 burn_in 1216.6 6.43564 1209.26 0.910799 0 0 0.205055 0.5805 0.33889
183000 burn_in 1214.11 10.1475 1203.14 0.826028 0 0 0.205055 0.579022 0.338542
184000 burn_in 1212.82 6.03561 1206.78 0 0 0 0.205055 0.577707 0.338524
185000 burn_in 1216.98 8.08485 1208.65 0.249275 0 0 0.205055 0.576557 0.338835
186000 burn_in 1211.2 5.6663 1205.44 0.0966529 0 0 0.205055 0.57528 0.338837
187000 burn_in 1214.35 3.25082 1209.41 1.68181 0 0 0.205055 0.573904 0.338598
188000 burn_in 1213.64 2.75515 1210.88 0 0 0 0.205055 0.572723 0.33875
189000 burn_in 1210.47 3.25867 1207.21 0 0 0 0.205055 0.571519 0.33882
190000 burn_in 1216.18 8.93305 1206.68 0.561129 0 0 0.205055 0.570074 0.338356
191000 burn_in 1220.62 5.18569 1214.54 0.900091 0 0 0.205055 0.568822 0.338275
192000 burn_in 1213.81 6.99686 1206.52 0.294033 0 0 0.205055 0.5675 0.338022
193000 burn_in 1214.09 6.68302 1207.41 0 0 0 0.205055 0.566269 0.337935
194000 burn_in 1210.94 4.69942 1205.07 1.164 0 0 0.205055 0.564995 0.337734
195000 burn_in 1215.96 5.69064 1210.04 0.221019 0 0 0.205055 0.563836 0.337747
196000 burn_in 1216.94 5.71512 1211.22 0 0 0 0.205055 0.562633 0.337646
197000 burn_in 1214.55 2.55203 1212 0 0 0 0.205055 0.561543 0.337753
198000 burn_in 1211.91 5.09686 1206.78 0.03539 0 0 0.205055 0.560369 0.337663
199000 burn_in 1213.85 6.8202 1207.03 0 0 0 0.205055 0.559221 0.337606
200000 burn_in 1214.58 4.22642 1210.35 0 0 0 0.205055 0.558035 0.33745
201000 burn_in 1216.32 3.33976 1212.98 0 0 0 0.288316 0.556393 0.228
202000 burn_in 1211.34 2.99117 1208.35 0 0 0 0.288316 0.554644 0.2155
203000 burn_in 1217.47 3.85283 1210.56 3.05634 0 0 0.288316 0.552857 0.207667
204000 burn_in 1212.42 3.34606 1209.07 0 0 0 0.288316 0.551294 0.21425
205000 burn_in 1217.41 3.82116 1210.72 2.86604 0 0 0.288316 0.549776 0.2194
206000 burn_in 1210.93 4.73108 1206.08 0.113365 0 0 0.288316 0.548199 0.220333
207000 burn_in 1215.64 3.71541 1211.93 0 0 0 0.288316 0.546729 0.223714
208000 burn_in 1212 3.48999 1207.83 0.679708 0 0 0.288316 0.545115 0.222125
209000 burn_in 1218.47 7.04353 1210.74 0.687758 0 0 0.288316 0.543263 0.215
210000 burn_in 1217.67 3.39907 1214.01 0.267625 0 0 0.288316 0.541467 0.2101
211000 burn_in 1224.75 2.72602 1221.86 0.161872 0 0 0.288316 0.539626 0.204909
212000 burn_in 1214.82 2.83323 1211.98 0 0 0 0.288316 0.537976 0.203667
213000 burn_in 1217.79 2.82766 1214.96 0 0 0 0.288316 0.536474 0.204769
214000 burn_in 1220.45 3.05741 1217.39 0 0 0 0.288316 0.534911 0.204571
215000 burn_in 1221.04 6.12104 1214.92 0 0 0 0.288316 0.533419 0.2052
216000 burn_in 1217.11 4.7904 1211.34 0.978187 0 0 0.288316 0.531931 0.205625
217000 burn_in 1216.42 3.6919 1212.69 0.0351254 0 0 0.288316 0.530548 0.207176
218000 burn_in 1216.1 5.62039 1209.26 1.22175 0 0 0.288316 0.529005 0.206444
219000 burn_in 1213.77 6.21604 1206.01 1.54193 0 0 0.288316 0.527639 0.207684
220000 burn_in 1214.86 5.06878 1209.79 0 0 0 0.288316 0.526132 0.2071
221000 burn_in 1214.08 4.10433 1209.97 0 0 0 0.288316 0.524756 0.20781
222000 burn_in 1216.01 2.73775 1213.01 0.262546 0 0 0.288316 0.523518 0.209727
223000 burn_in 1216.6 3.77264 1212.83 0 0 0 0.288316 0.522094 0.209565
224000 burn_in 1213.75 3.7063 1210.05 0 0 0 0.288316 0.520777 0.210292
225000 burn_in 1213.88 3.42024 1210.46 0 0 0 0.288316 0.519418 0.21048
226000 burn_in 1210.82 3.10866 1207.71 0.00524918 0 0 0.288316 0.518035 0.210346
227000 burn_in 1214.6 5.02935 1209.57 0 0 0 0.288316 0.516639 0.21
228000 burn_in 1217.56 4.1037 1213.43 0.0219703 0 0 0.288316 0.51539 0.210786
229000 burn_in 1215.93 3.26758 1212.66 0 0 0 0.288316 0.514079 0.210931
230000 burn_in 1218.4 3.21637 1215.18 0 0 0 0.288316 0.512726 0.210667
231000 burn_in 1214.9 4.16743 1210.67 0.062662 0 0 0.288316 0.511519 0.211419
232000 burn_in 1212.92 5.00758 1207.75 0.166812 0 0 0.288316 0.510155 0.210906
233000 burn_in 1212.08 3.04376 1209.03 0 0 0 0.288316 0.508863 0.210848
234000 burn_in 1218.63 10.2679 1206.57 1.79023 0 0 0.288316 0.507671 0.211412
235000 burn_in 1214.5 3.51395 1210.77 0.216415 0 0 0.288316 0.506557 0.2124
236000 burn_in 1214.26 4.12529 1210.13 0 0 0 0.288316 0.505309 0.212389
237000 burn_in 1223.83 5.46088 1217.92 0.446439 0 0 0.288316 0.50408 0.212432
238000 burn_in 1213.32 3.90903 1209.41 0 0 0 0.288316 0.502794 0.212053
239000 burn_in 1216.78 5.11279 1210.34 1.33224 0 0 0.288316 0.501531 0.211769
240000 burn_in 1220.7 2.89784 1212.16 5.64122 0 0 0.288316 0.500354 0.21195
241000 burn_in 1212.3 4.25116 1206.94 1.10787 0 0 0.288316 0.499166 0.212
242000 burn_in 1218.59 4.57071 1214 0.0199209 0 0 0.288316 0.497888 0.211476
243000 burn_in 1218.77 4.43044 1214.34 0 0 0 0.288316 0.496728 0.211581
244000 burn_in 1219.81 5.01824 1214.79 0.00158446 0 0 0.288316 0.495553 0.211545
245000 burn_in 1217.49 2.99541 1214.49 0 0 0 0.288316 0.494327 0.211178
246000 burn_in 1215.25 2.74613 1209.69 2.81172 0 0 0.288316 0.493183 0.211217
247000 burn_in 1214.05 4.6286 1209.42 0 0 0 0.288316 0.491976 0.210872
248000 burn_in 1215.62 3.63785 1211.98 0 0 0 0.288316 0.490758 0.210437
249000 burn_in 1215.11 3.60641 1211.5 0 0 0 0.288316 0.489606 0.210306
250000 burn_in 1215.29 4.01018 1211.28 0 0 0 0.288316 0.488572 0.21072
251000 burn_in 1213.01 3.04125 1209.97 0 0 0 0.288316 0.48759 0.211333
252000 burn_in 1228.36 3.32179 1225.04 0 0 0 0.288316 0.486425 0.211
253000 burn_in 1213.2 3.41211 1209.79 0 0 0 0.288316 0.485289 0.210774
254000 burn_in 1221.62 3.92197 1217.7 0 0 0 0.288316 0.484138 0.210444
255000 burn_in 1214.66 3.15631 1211.33 0.174571 0 0 0.288316 0.483027 0.210273
256000 burn_in 1217.24 3.02781 1214.21 0 0 0 0.288316 0.482027 0.210571
257000 burn_in 1216.02 4.36394 1211.66 0 0 0 0.288316 0.480946 0.210456
258000 burn_in 1214.52 2.94557 1210.38 1.19975 0 0 0.288316 0.479942 0.210655
259000 burn_in 1215.16 7.56727 1207.58 0.00990655 0 0 0.288316 0.478873 0.210525
260000 burn_in 1214.54 5.31251 1209.13 0.0955765 0 0 0.288316 0.477938 0.21095
261000 burn_in 1219.14 3.13766 1216.01 0 0 0 0.288316 0.476939 0.211049
262000 burn_in 1219.34 4.97465 1214.36 0 0 0 0.288316 0.475939 0.211113
263000 burn_in 1214.87 3.70534 1208.56 2.60047 0 0 0.288316 0.47503 0.211524
264000 burn_in 1216.76 2.92619 1213.83 0 0 0 0.288316 0.474011 0.211438
265000 burn_in 1215.2 2.74543 1212.45 0 0 0 0.288316 0.473098 0.211754
266000 burn_in 1214.91 3.95691 1210.96 0 0 0 0.288316 0.472139 0.211848
267000 burn_in 1214.89 3.06217 1211.1 0.729126 0 0 0.288316 0.471052 0.211403
268000 burn_in 1214.63 6.32146 1208.3 0 0 0 0.288316 0.47019 0.211824
269000 burn_in 1219.78 6.35058 1212.34 1.0878 0 0 0.288316 0.469227 0.211812
270000 burn_in 1216.83 6.54531 1209.21 1.07405 0 0 0.288316 0.468211 0.211571
271000 burn_in 1219.39 6.09877 1212.94 0.351425 0 0 0.288316 0.467148 0.211127
272000 burn_in 1217.21 2.93734 1214.28 0 0 0 0.288316 0.466195 0.211083
273000 burn_in 1214.25 5.68675 1208.11 0.460111 0 0 0.288316 0.465227 0.210959
274000 burn_in 1213.86 2.67203 1211.18 0 0 0 0.288316 0.464223 0.210676
275000 burn_in 1216.36 5.13282 1211.22 0 0 0 0.288316 0.463324 0.21076
276000 burn_in 1217.31 2.86031 1213.27 1.1781 0 0 0.288316 0.46237 0.210618
277000 burn_in 1219.63 2.79826 1216.83 0 0 0 0.288316 0.461458 0.21061
278000 burn_in 1214.25 5.71025 1207.24 1.30384 0 0 0.288316 0.460561 0.210628
279000 burn_in 1212.95 3.46849 1209.39 0.0953575 0 0 0.288316 0.459656 0.210595
280000 burn_in 1218.88 3.97043 1214.89 0.0170096 0 0 0.288316 0.458825 0.2108
281000 burn_in 1215.37 3.77729 1211.59 0 0 0 0.288316 0.457996 0.210988
282000 burn_in 1216.32 4.37598 1211.17 0.776451 0 0 0.288316 0.457177 0.211183
283000 burn_in 1216.11 2.67754 1213.44 0 0 0 0.288316 0.456371 0.211398
284000 burn_in 1216.17 3.34926 1212.82 0 0 0 0.288316 0.455493 0.211345
285000 burn_in 1213.38 6.48806 1206.66 0.226159 0 0 0.288316 0.454688 0.211518
286000 burn_in 1213.67 3.23051 1210.44 0 0 0 0.288316 0.453871 0.211628
287000 burn_in 1214.61 3.04048 1211.57 0 0 0 0.288316 0.453084 0.211816
288000 burn_in 1212.6 4.04433 1208.43 0.122494 0 0 0.288316 0.45241 0.212352
289000 burn_in 1213.03 4.82326 1207.78 0.428492 0 0 0.288316 0.451654 0.212596
290000 burn_in 1215.9 3.98087 1211.91 0 0 0 0.288316 0.450859 0.212689
291000 burn_in 1213.9 2.58442 1211.32 0 0 0 0.288316 0.450045 0.212703
292000 burn_in 1214.09 3.14525 1209.2 1.74515 0 0 0.288316 0.449171 0.212511
293000 burn_in 1212.55 4.0615 1208.46 0.0230962 0 0 0.288316 0.448358 0.212495
294000 burn_in 1217.59 3.23955 1214.32 0.0342815 0 0 0.288316 0.447544 0.212457
295000 burn_in 1213.44 3.49423 1209.94 0 0 0 0.288316 0.446715 0.212358
296000 burn_in 1215.9 4.35731 1211.54 0 0 0 0.288316 0.445848 0.212125
297000 burn_in 1212.05 6.29954 1205.75 0.000261133 0 0 0.288316 0.445081 0.212186
298000 burn_in 1213.96 3.72367 1210.06 0.184932 0 0 0.288316 0.444302 0.212194
299000 burn_in 1218.1 2.70755 1215.4 0 0 0 0.288316 0.443548 0.212263
300000 burn_in 1217.23 3.01729 1214.22 0 0 0 0.288316 0.442797 0.21232
301000 burn_in 1212.69 4.89644 1207.35 0.445545 0 0 0.288316 0.442113 0.212564
302000 burn_in 1210.9 3.25393 1207.64 0 0 0 0.288316 0.441374 0.212627
303000 burn_in 1212.55 4.89581 1207.66 0 0 0 0.288316 0.440597 0.212563
304000 burn_in 1219.24 6.30037 1212.87 0.0634306 0 0 0.288316 0.439865 0.212615
305000 burn_in 1219.59 3.07349 1216.52 0 0 0 0.288316 0.439036 0.212371
306000 burn_in 1210.84 3.93266 1206.91 0 0 0 0.288316 0.438255 0.212255
307000 burn_in 1218.92 4.62663 1214.05 0.246984 0 0 0.288316 0.437489 0.212168
308000 burn_in 1214.05 2.90255 1211.15 0 0 0 0.288316 0.436854 0.212444
309000 burn_in 1214.97 4.25714 1210.71 0 0 0 0.288316 0.436227 0.212725
310000 burn_in 1216.85 3.93715 1212.91 0 0 0 0.288316 0.435532 0.2128
311000 burn_in 1218.4 3.18981 1215.21 0 0 0 0.288316 0.434846 0.212883
312000 burn_in 1214.27 5.25427 1209.02 0 0 0 0.288316 0.434218 0.213116
313000 burn_in 1215.36 7.19033 1208.07 0.0974744 0 0 0.288316 0.433524 0.21315
314000 burn_in 1215.05 9.74667 1205.06 0.240032 0 0 0.288316 0.432857 0.213246
315000 burn_in 1214.72 6.3436 1208.37 5.38737e-05 0 0 0.288316 0.432321 0.213687
316000 burn_in 1214.9 3.17294 1211.73 0 0 0 0.288316 0.431585 0.213569
317000 burn_in 1212.89 2.45377 1210.31 0.118771 0 0 0.288316 0.430984 0.213803
318000 burn_in 1214.73 2.80685 1210.8 1.12436 0 0 0.288316 0.430289 0.213771
319000 burn_in 1210.22 3.69472 1206.53 0 0 0 0.288316 0.429511 0.213504
320000 burn_in 1212.56 2.79241 1209.76 0 0 0 0.288316 0.4289 0.213675
321000 burn_in 1216.84 3.87975 1212.96 0 0 0 0.288316 0.428231 0.213678
322000 burn_in 1218.57 5.33636 1212.94 0.293317 0 0 0.288316 0.4275 0.213508
323000 burn_in 1211.18 3.34933 1207.83 0 0 0 0.288316 0.426938 0.213772
324000 burn_in 1216.19 3.16098 1213.01 0.0235272 0 0 0.288316 0.426321 0.213879
325000 burn_in 1214.34 6.02122 1207.64 0.677796 0 0 0.288316 0.425671 0.213888
326000 burn_in 1215.59 3.02571 1212.56 0 0 0 0.288316 0.42511 0.214119
327000 burn_in 1222.52 2.21426 1220.3 0 0 0 0.288316 0.424581 0.214417
328000 burn_in 1213.84 4.82654 1206.55 2.46654 0 0 0.288316 0.424034 0.214656
329000 burn_in 1220.21 9.32365 1206.44 4.44517 0 0 0.288316 0.423386 0.214628
330000 burn_in 1212.18 4.1844 1208 0 0 0 0.288316 0.422809 0.214769
331000 burn_in 1211.27 3.51839 1207.75 0 0 0 0.288316 0.422236 0.214908
332000 burn_in 1214.57 2.76111 1211.81 0 0 0 0.288316 0.421599 0.214879
333000 burn_in 1213.91 2.88517 1211.03 0 0 0 0.288316 0.42115 0.215308
334000 burn_in 1220.36 4.58498 1213.56 2.20757 0 0 0.288316 0.420542 0.215328
335000 burn_in 1221.5 3.76236 1217.74 0 0 0 0.288316 0.420003 0.215511
336000 burn_in 1218.63 3.88305 1214.74 0 0 0 0.288316 0.419429 0.215596
337000 burn_in 1214.69 3.7646 1210.93 0 0 0 0.288316 0.418911 0.21581
338000 burn_in 1217.11 7.55995 1208.03 1.52694 0 0 0.288316 0.418429 0.216101
339000 burn_in 1210.35 4.83646 1205.51 0 0 0 0.288316 0.417909 0.216288
340000 burn_in 1218.61 3.50997 1215.1 0 0 0 0.288316 0.417376 0.216436
341000 burn_in 1217.22 2.9169 1214.3 0 0 0 0.288316 0.416721 0.216277
342000 burn_in 1214.77 2.36212 1212.41 0 0 0 0.288316 0.416246 0.216542
343000 burn_in 1210.8 3.30761 1207.08 0.412634 0 0 0.288316 0.415676 0.216573
344000 burn_in 1212.76 6.54565 1206.21 0.00913482 0 0 0.288316 0.41514 0.216674
345000 burn_in 1213.41 6.41907 1204.53 2.45498 0 0 0.288316 0.414493 0.216503
346000 burn_in 1214.57 2.6107 1210.45 1.50613 0 0 0.288316 0.413882 0.216411
347000 burn_in 1217.15 3.74095 1211.81 1.60014 0 0 0.288316 0.413464 0.216769
348000 burn_in 1218.63 3.35541 1215.27 0 0 0 0.288316 0.412819 0.216581
349000 burn_in 1222.79 3.65303 1219.13 0 0 0 0.288316 0.412215 0.216483
350000 burn_in 1214.99 6.18643 1208.8 0 0 0 0.288316 0.411709 0.216607
351000 burn_in 1216.8 6.41857 1210.38 0 0 0 0.288316 0.411225 0.216775
352000 burn_in 1213 3.24186 1209.76 0 0 0 0.288316 0.410693 0.216822
353000 burn_in 1214.14 4.76743 1209.37 0 0 0 0.288316 0.410238 0.217039
354000 burn_in 1211.97 3.69361 1208.27 0 0 0 0.288316 0.409751 0.217175
355000 burn_in 1219.61 2.50165 1217.11 0 0 0 0.288316 0.409248 0.217265
356000 burn_in 1213.52 3.15765 1210.36 0 0 0 0.288316 0.408646 0.217122
357000 burn_in 1212.99 3.4059 1209.59 0 0 0 0.288316 0.40809 0.217076
358000 burn_in 1213.95 3.01178 1210.94 0 0 0 0.288316 0.40752 0.216994
359000 burn_in 1210.97 3.34818 1207.62 0 0 0 0.288316 0.406994 0.217006
360000 burn_in 1212.17 5.31519 1206.51 0.344548 0 0 0.288316 0.406506 0.217094
361000 burn_in 1214.66 2.69763 1211.96 0 0 0 0.288316 0.405972 0.217075
362000 burn_in 1222.37 2.8784 1219.5 0 0 0 0.288316 0.405492 0.217167
363000 burn_in 1216.26 3.11326 1213.15 0 0 0 0.288316 0.405055 0.21735
364000 burn_in 1214.56 3.39768 1211.16 0 0 0 0.288316 0.40453 0.217329
365000 burn_in 1211.89 2.97326 1208.91 0 0 0 0.288316 0.40406 0.217424
366000 burn_in 1213.46 3.09249 1210.37 0 0 0 0.288316 0.403593 0.217518
367000 burn_in 1213.09 2.88903 1209.85 0.350811 0 0 0.288316 0.403153 0.217665
368000 burn_in 1212.45 4.18759 1207.68 0.577128 0 0 0.288316 0.402633 0.217631
369000 burn_in 1216.4 8.54884 1206.48 1.37794 0 0 0.288316 0.402168 0.21771
370000 burn_in 1214.33 3.0452 1211.28 0 0 0 0.288316 0.401668 0.217706
371000 burn_in 1217.3 6.12948 1210.91 0.26718 0 0 0.288316 0.401194 0.217754
372000 burn_in 1215.28 3.24093 1212.04 0 0 0 0.288316 0.400675 0.217698
373000 burn_in 1211.35 2.61428 1208.73 0 0 0 0.288316 0.40019 0.217711
374000 burn_in 1215.19 3.13145 1212.06 0 0 0 0.288316 0.399684 0.217672
375000 burn_in 1212.36 5.47203 1206.8 0.0885542 0 0 0.288316 0.399163 0.217594
376000 burn_in 1216.97 3.59864 1213.07 0.301473 0 0 0.288316 0.398707 0.217653
377000 burn_in 1215.55 5.65568 1209.89 0 0 0 0.288316 0.398265 0.217734
378000 burn_in 1219.49 4.03634 1215.45 0 0 0 0.288316 0.397881 0.217933
379000 burn_in 1214.32 5.76732 1208.55 4.83004e-05 0 0 0.288316 0.397369 0.217855
380000 burn_in 1214.52 4.2554 1209.15 1.11987 0 0 0.288316 0.396937 0.217939
381000 burn_in 1209.47 5.2961 1204.04 0.139622 0 0 0.288316 0.396509 0.218028
382000 burn_in 1212.88 5.99974 1206.68 0.19942 0 0 0.288316 0.396068 0.218082
383000 burn_in 1214.17 3.72472 1210.44 0 0 0 0.288316 0.395668 0.218219
384000 burn_in 1215.77 3.06006 1212.71 0 0 0 0.288316 0.395188 0.218179
385000 burn_in 1218.12 2.45665 1215.67 0 0 0 0.288316 0.394725 0.218173
386000 burn_in 1216.73 4.65474 1212.08 0 0 0 0.288316 0.394275 0.218188
387000 burn_in 1213.04 5.50325 1206.99 0.55118 0 0 0.288316 0.393791 0.218128
388000 burn_in 1213.62 4.69505 1208.9 0.0310891 0 0 0.288316 0.393363 0.218181
389000 burn_in 1215.18 3.48405 1211.69 0 0 0 0.288316 0.392956 0.21827
390000 burn_in 1214.62 6.88483 1204.19 3.54987 0 0 0.288316 0.392503 0.218258
391000 burn_in 1216.81 5.51398 1210.17 1.12812 0 0 0.288316 0.392079 0.218304
392000 burn_in 1219.6 3.41772 1216.18 0 0 0 0.288316 0.391663 0.218359
393000 burn_in 1212.64 3.24264 1209.39 0 0 0 0.288316 0.391226 0.218368
394000 burn_in 1215.48 5.92865 1209.48 0.0791743 0 0 0.288316 0.390777 0.218345
395000 burn_in 1216.04 3.7079 1212.34 0 0 0 0.288316 0.390385 0.218436
396000 burn_in 1216.82 6.53415 1210.28 0 0 0 0.288316 0.390051 0.218638
397000 burn_in 1214.29 4.60469 1209.69 0 0 0 0.288316 0.389635 0.21867
398000 burn_in 1218.44 4.89601 1212.54 1.00144 0 0 0.288316 0.389166 0.218591
399000 burn_in 1210.83 4.63045 1206.11 0.0941246 0 0 0.288316 0.388722 0.218558
400000 burn_in 1216.19 4.34886 1211.76 0.0793619 0 0 0.288316 0.388327 0.21862
401000 burn_in 1213.56 5.56853 1207.99 0 0 0 0.288316 0.387903 0.218617
402000 burn_in 1210.33 3.35966 1206.97 0 0 0 0.288316 0.38748 0.218614
403000 burn_in 1216.12 2.6566 1213.47 0 0 0 0.288316 0.387045 0.218581
404000 burn_in 1211.6 2.75192 1208.83 0.015674 0 0 0.288316 0.386661 0.218647
405000 burn_in 1215.02 3.56804 1211.45 0 0 0 0.288316 0.3862 0.218556
406000 burn_in 1217.3 3.0177 1214.28 0 0 0 0.288316 0.385732 0.218447
407000 burn_in 1211.17 2.7515 1208.35 0.0611953 0 0 0.288316 0.38531 0.218425
408000 burn_in 1217.29 6.72949 1210.56 0 0 0 0.288316 0.384885 0.218394
409000 burn_in 1215.41 3.42165 1211.99 0 0 0 0.288316 0.384501 0.21844
410000 burn_in 1218.58 5.96954 1212.62 0 0 0 0.288316 0.384085 0.218419
411000 burn_in 1214.82 2.62693 1212.2 0 0 0 0.288316 0.383655 0.218365
412000 burn_in 1215.21 2.79848 1212.41 0 0 0 0.288316 0.383267 0.218392
413000 burn_in 1214.59 7.62045 1206.52 0.455979 0 0 0.288316 0.382852 0.218362
414000 burn_in 1219.47 7.17821 1210.31 1.97708 0 0 0.288316 0.382459 0.218369
415000 burn_in 1214.08 2.47849 1211.6 0 0 0 0.288316 0.382082 0.218405
416000 burn_in 1214.83 4.01718 1210.82 0 0 0 0.288316 0.38174 0.218505
417000 burn_in 1218.25 3.85154 1214.4 0 0 0 0.288316 0.38136 0.218525
418000 burn_in 1213.54 4.44198 1209.1 0 0 0 0.288316 0.381048 0.218674
419000 burn_in 1216.28 8.31237 1207.7 0.276063 0 0 0.288316 0.380702 0.218753
420000 burn_in 1219.93 8.01982 1211.91 0 0 0 0.288316 0.380345 0.218809
421000 burn_in 1213.78 3.53783 1210.24 0 0 0 0.288316 0.379976 0.218837
422000 burn_in 1216.25 2.73253 1213.52 0 0 0 0.288316 0.379564 0.218779
423000 burn_in 1213.52 2.70445 1210.3 0.51706 0 0 0.288316 0.379217 0.218843
424000 burn_in 1215.87 3.84145 1212.03 0 0 0 0.288316 0.378844 0.218853
425000 burn_in 1215.33 3.94847 1211.38 0 0 0 0.288316 0.378534 0.218978
426000 burn_in 1212.07 6.01717 1205.29 0.767743 0 0 0.288316 0.3782 0.219053
427000 burn_in 1217.71 3.96982 1213.74 0 0 0 0.288316 0.377822 0.219044
428000 burn_in 1214.62 3.06582 1211.55 0 0 0 0.288316 0.377446 0.219035
429000 burn_in 1212.48 3.54002 1208.94 0 0 0 0.288316 0.377119 0.219114
430000 burn_in 1213.53 3.79021 1209.74 0 0 0 0.288316 0.376758 0.219126
431000 burn_in 1215.65 6.94211 1208.7 0 0 0 0.288316 0.376387 0.219117
432000 burn_in 1215.09 7.41189 1205.61 2.06183 0 0 0.288316 0.376063 0.21919
433000 burn_in 1216.71 9.43544 1207.25 0.0280599 0 0 0.288316 0.375661 0.219116
434000 burn_in 1213.45 4.3371 1208.42 0.694363 0 0 0.288316 0.375323 0.219158
435000 burn_in 1214.55 3.74674 1210.81 0 0 0 0.288316 0.374956 0.219145
436000 burn_in 1217.21 3.6101 1213.6 0 0 0 0.288316 0.374507 0.218975
437000 burn_in 1218.74 7.25201 1210.78 0.70976 0 0 0.288316 0.374096 0.218873
438000 burn_in 1220.32 6.37866 1213.21 0.725182 0 0 0.288316 0.373737 0.218866
439000 burn_in 1220.17 3.5499 1215.71 0.909633 0 0 0.288316 0.373403 0.2189
440000 burn_in 1215.97 5.44183 1209.15 1.3805 0 0 0.288316 0.37295 0.218713
441000 burn_in 1213.39 5.98392 1205.84 1.56635 0 0 0.288316 0.372508 0.218544
442000 burn_in 1212.97 3.29162 1207.86 1.81942 0 0 0.288316 0.372077 0.218393
443000 burn_in 1212.68 2.98469 1208.95 0.746536 0 0 0.288316 0.371675 0.218292
444000 burn_in 1216.86 5.43128 1211.43 0 0 0 0.288316 0.371241 0.218131
445000 burn_in 1213.68 4.59923 1208.93 0.148162 0 0 0.288316 0.370838 0.218024
446000 burn_in 1214.85 3.46556 1211.38 0 0 0 0.288316 0.370406 0.217862
447000 burn_in 1215.58 8.57079 1206.99 0.0197235 0 0 0.288316 0.369982 0.217713
448000 burn_in 1216.99 4.78242 1208.53 3.67108 0 0 0.288316 0.369487 0.217431
449000 burn_in 1216 4.5309 1209.85 1.61748 0 0 0.288316 0.369087 0.217321
450000 burn_in 1216.39 3.84864 1212.54 0.0015213 0 0 0.288316 0.368582 0.21702
451000 burn_in 1213.86 5.92658 1207.24 0.701774 0 0 0.288316 0.368126 0.216805
452000 burn_in 1214.23 3.96444 1209.97 0.296224 0 0 0.288316 0.367708 0.216655
453000 burn_in 1219.35 3.93803 1215.32 0.0954771 0 0 0.288316 0.367313 0.216545
454000 burn_in 1219.21 4.01988 1214.79 0.402222 0 0 0.288316 0.366896 0.216394
455000 burn_in 1218.77 4.48615 1210.05 4.23721 0 0 0.288316 0.366552 0.216369
456000 burn_in 1215.59 3.94222 1211.65 0 0 0 0.288316 0.366145 0.21623
457000 burn_in 1217.61 3.03069 1214.58 0 0 0 0.288316 0.365768 0.216144
458000 burn_in 1218.52 2.98748 1215.41 0.124645 0 0 0.288316 0.365336 0.215957
459000 burn_in 1214.67 3.32497 1210.83 0.511565 0 0 0.288316 0.364972 0.215888
460000 burn_in 1217.31 2.31593 1214.99 0 0 0 0.288316 0.36463 0.215858
461000 burn_in 1215.32 2.74425 1212.58 0.00154093 0 0 0.288316 0.364382 0.215989
462000 burn_in 1214.29 3.38143 1210.38 0.520363 0 0 0.288316 0.364043 0.215958
463000 burn_in 1216.04 2.99827 1213.05 0 0 0 0.288316 0.36368 0.215882
464000 burn_in 1222.59 3.06539 1219.53 0 0 0 0.288316 0.363401 0.215951
465000 burn_in 1218.11 3.23917 1213.38 1.48171 0 0 0.288316 0.363062 0.215913
466000 burn_in 1216.27 4.53221 1211.51 0.226244 0 0 0.288316 0.362697 0.215827
467000 burn_in 1216.79 2.6178 1214.17 0.001972 0 0 0.288316 0.362315 0.215708
468000 burn_in 1214.66 2.86422 1210.26 1.52863 0 0 0.288316 0.361989 0.215687
469000 burn_in 1215.35 4.07499 1209.9 1.37103 0 0 0.288316 0.361616 0.21558
470000 burn_in 1215.66 2.87553 1212.78 0 0 0 0.288316 0.361232 0.215452
471000 burn_in 1216.64 2.71035 1213.87 0.0536602 0 0 0.288316 0.360845 0.215317
472000 burn_in 1215.54 8.36081 1206.4 0.784122 0 0 0.288316 0.360477 0.215213
473000 burn_in 1218.97 3.00911 1215.96 0 0 0 0.288316 0.360118 0.215125
474000 burn_in 1216.96 5.47079 1211.49 0 0 0 0.288316 0.359823 0.215142
475000 burn_in 1215.17 7.72093 1203.73 3.71821 0 0 0.288316 0.35948 0.215076
476000 burn_in 1217.85 4.08498 1210.05 3.72275 0 0 0.288316 0.359227 0.215163
477000 burn_in 1220.18 5.31283 1214.87 0 0 0 0.288316 0.358952 0.215209
478000 burn_in 1213.71 3.66364 1208.19 1.85976 0 0 0.288316 0.35868 0.215259
479000 burn_in 1213.08 2.87649 1210.2 0 0 0 0.288316 0.358395 0.215283
480000 burn_in 1215.91 6.27848 1208.9 0.731183 0 0 0.288316 0.358098 0.215286
481000 burn_in 1218.3 3.07915 1215.22 0 0 0 0.288316 0.357798 0.215281
