*mcmc_objective[MCMCObjective]
starting_covariance_matrix {matrix}
parameter_transformation[logRecruitment].log_parameter selectivity[TransitionMale].a50 selectivity[TransitionMale].ato95 age_length[AgeLength].Linf age_length[AgeLength].k time_varying[M_time_var_Male].values{1994} time_varying[M_time_var_Male].values{2015} time_varying[M_time_var_Primi].values{1994} time_varying[M_time_var_Primi].values{2015} catchability[SurveyqM].q selectivity[SurveyMale].a50 selectivity[SurveyMale].ato95 selectivity[FishingMale].a50 selectivity[FishingMale].ato95 selectivity[FishingPrimiFemale].alpha selectivity[FishingMultiFemale].alpha
0.00299014 0.000454285 5.22416e-05 -0.00027609 1.51618e-05 -1.30728e-05 0.000460157 0.00222166 0.00192664 -0.0016572 0.00727839 0.0088569 -0.00135725 -0.00147772 0.000225721 -0.000261307
0.000454285 0.0529382 0.000565018 -0.00356511 -0.000352719 -0.000305752 -0.000691613 0.0035296 0.00172793 0.00292883 0.0499409 0.0368569 -0.0148673 -0.0122216 0.0049265 -0.00195206
5.22416e-05 0.000565018 0.0039 0.00225836 -0.000152187 0.000896016 0.000183957 -0.00227467 -0.000251442 -0.000351286 -0.000949341 -0.00167196 0.00600759 0.00550016 -0.000340752 -0.000844313
-0.00027609 -0.00356511 0.00225836 0.0923264 -0.00380428 -0.000808281 -0.00154688 -0.000213065 -0.00206589 0.00129979 -0.0335971 -0.023567 0.018461 0.0218297 -0.00345876 0.00433449
1.51618e-05 -0.000352719 -0.000152187 -0.00380428 0.000244928 3.25132e-05 7.62028e-05 1.43914e-05 8.26164e-05 -6.83311e-05 0.00163804 0.00147436 -0.000870136 -0.00119891 0.000146114 -0.000167025
-1.30728e-05 -0.000305752 0.000896016 -0.000808281 3.25132e-05 0.00113704 0.000126923 -0.00251204 -0.000385435 -0.000136267 -0.00138108 -0.00140819 0.00442629 0.0039173 -0.000254932 -0.00101676
0.000460157 -0.000691613 0.000183957 -0.00154688 7.62028e-05 0.000126923 0.000605034 -0.000273837 0.000146867 -0.000637629 0.000675619 0.000178528 0.00123615 0.00116555 -0.000150583 6.21684e-05
0.00222166 0.0035296 -0.00227467 -0.000213065 1.43914e-05 -0.00251204 -0.000273837 0.00867154 0.00232515 -0.000337773 0.0107852 0.0120274 -0.0135989 -0.0127868 0.000933528 0.00212387
0.00192664 0.00172793 -0.000251442 -0.00206589 8.26164e-05 -0.000385435 0.000146867 0.00232515 0.0020364 -0.00110548 0.00793026 0.00795062 -0.00265839 -0.00254666 0.000639613 0.000318226
-0.0016572 0.00292883 -0.000351286 0.00129979 -6.83311e-05 -0.000136267 -0.000637629 -0.000337773 -0.00110548 0.00298928 0.00572675 0.00797365 -0.0028581 -0.00202686 -0.000158449 0.000505286
0.00727839 0.0499409 -0.000949341 -0.0335971 0.00163804 -0.00138108 0.000675619 0.0107852 0.00793026 0.00572675 0.193985 0.195196 -0.0280441 -0.0242577 0.00445992 -0.000341932
0.0088569 0.0368569 -0.00167196 -0.023567 0.00147436 -0.00140819 0.000178528 0.0120274 0.00795062 0.00797365 0.195196 0.356003 -0.0234195 -0.0221542 0.00525781 0.00617258
-0.00135725 -0.0148673 0.00600759 0.018461 -0.000870136 0.00442629 0.00123615 -0.0135989 -0.00265839 -0.0028581 -0.0280441 -0.0234195 0.150164 0.0834462 -0.0104423 -0.00319228
-0.00147772 -0.0122216 0.00550016 0.0218297 -0.00119891 0.0039173 0.00116555 -0.0127868 -0.00254666 -0.00202686 -0.0242577 -0.0221542 0.0834462 0.087816 -0.00312511 0.000706747
0.000225721 0.0049265 -0.000340752 -0.00345876 0.000146114 -0.000254932 -0.000150583 0.000933528 0.000639613 -0.000158449 0.00445992 0.00525781 -0.0104423 -0.00312511 0.0149985 -0.000375951
-0.000261307 -0.00195206 -0.000844313 0.00433449 -0.000167025 -0.00101676 6.21684e-05 0.00212387 0.000318226 0.000505286 -0.000341932 0.00617258 -0.00319228 0.000706747 -0.000375951 0.0133397
samples {dataframe}
sample state objective_score prior likelihood penalties additional_priors jacobians step_size acceptance_rate acceptance_rate_since_adapt
1 initialisation 1164.7 4.84721 1159.85 0 0 0 0.02 0 0
1000 burn_in 1165.43 5.00828 1160.42 0 0 0 0.02 0.885 0.885
2000 burn_in 1166.06 2.14694 1163.91 0 0 0 0.02 0.8805 0.8805
3000 burn_in 1164.1 2.36239 1161.74 0 0 0 0.02 0.885667 0.885667
4000 burn_in 1163.9 3.19693 1160.71 0 0 0 0.02 0.889 0.889
5000 burn_in 1163.68 2.9909 1160.68 0 0 0 0.02 0.8848 0.8848
6000 burn_in 1165.97 2.60277 1163.36 0 0 0 0.02 0.879833 0.879833
7000 burn_in 1164.5 2.06645 1162.44 0 0 0 0.02 0.882 0.882
8000 burn_in 1163.15 2.52797 1160.62 0 0 0 0.02 0.881125 0.881125
9000 burn_in 1167.1 1.58192 1165.52 0 0 0 0.02 0.883333 0.883333
10000 burn_in 1163.89 2.43412 1161.46 0 0 0 0.02 0.885 0.885
11000 burn_in 1163.28 2.81744 1160.46 0 0 0 0.02 0.884818 0.884818
12000 burn_in 1164.26 3.20277 1161.06 0 0 0 0.02 0.88375 0.88375
13000 burn_in 1167.56 4.8911 1162.67 0 0 0 0.02 0.883231 0.883231
14000 burn_in 1165.28 4.2518 1161.03 0 0 0 0.02 0.883429 0.883429
15000 burn_in 1165.66 2.58703 1163.08 0 0 0 0.02 0.884267 0.884267
16000 burn_in 1164.97 3.28483 1161.68 0 0 0 0.02 0.8855 0.8855
17000 burn_in 1165 1.11097 1163.89 0 0 0 0.02 0.885706 0.885706
18000 burn_in 1165.36 1.57126 1163.79 0 0 0 0.02 0.886167 0.886167
19000 burn_in 1161.03 3.46217 1157.57 0 0 0 0.02 0.886211 0.886211
20000 burn_in 1163.58 1.73727 1161.84 0 0 0 0.02 0.88805 0.88805
21000 burn_in 1167.77 3.2923 1164.48 0 0 0 0.02 0.888 0.888
22000 burn_in 1166 3.70922 1162.29 0 0 0 0.02 0.887773 0.887773
23000 burn_in 1168.36 2.72166 1165.64 0 0 0 0.02 0.888522 0.888522
24000 burn_in 1165.39 4.22665 1161.17 0 0 0 0.02 0.888875 0.888875
25000 burn_in 1165.08 2.09362 1162.99 0 0 0 0.02 0.8896 0.8896
26000 burn_in 1165.53 5.1855 1160.34 0 0 0 0.02 0.889038 0.889038
27000 burn_in 1163.93 2.09828 1161.83 0 0 0 0.02 0.889519 0.889519
28000 burn_in 1165.74 1.17366 1164.56 0 0 0 0.02 0.889571 0.889571
29000 burn_in 1172.1 1.79652 1170.3 0 0 0 0.02 0.890448 0.890448
30000 burn_in 1166.15 2.36304 1163.78 0 0 0 0.02 0.891067 0.891067
31000 burn_in 1164.18 4.2059 1159.97 0 0 0 0.02 0.890355 0.890355
32000 burn_in 1169.64 5.27006 1164.37 0 0 0 0.02 0.889781 0.889781
33000 burn_in 1166.51 1.96739 1164.54 0 0 0 0.02 0.889848 0.889848
34000 burn_in 1167.21 4.7242 1162.48 0 0 0 0.02 0.889412 0.889412
35000 burn_in 1168.28 1.04042 1167.24 0 0 0 0.02 0.888914 0.888914
36000 burn_in 1169.48 2.31006 1167.17 0 0 0 0.02 0.888528 0.888528
37000 burn_in 1171.23 6.52097 1164.71 0 0 0 0.02 0.887676 0.887676
38000 burn_in 1170.76 5.22298 1165.54 0 0 0 0.02 0.887342 0.887342
39000 burn_in 1168.61 4.52373 1164.09 0 0 0 0.02 0.886821 0.886821
40000 burn_in 1165.79 7.27724 1158.52 0 0 0 0.02 0.886625 0.886625
41000 burn_in 1174.08 1.19799 1172.88 0 0 0 0.02 0.885854 0.885854
42000 burn_in 1163.62 3.54338 1160.08 0 0 0 0.02 0.885714 0.885714
43000 burn_in 1167.21 1.81139 1165.4 0 0 0 0.02 0.885628 0.885628
44000 burn_in 1166.83 2.19793 1164.63 0 0 0 0.02 0.886023 0.886023
45000 burn_in 1169.41 6.18743 1163.22 0 0 0 0.02 0.885756 0.885756
46000 burn_in 1169.42 4.78461 1164.63 0 0 0 0.02 0.885761 0.885761
47000 burn_in 1172.32 2.3887 1169.93 0 0 0 0.02 0.886043 0.886043
48000 burn_in 1170.11 6.13353 1163.97 0 0 0 0.02 0.886292 0.886292
49000 burn_in 1174.09 4.80109 1169.29 0 0 0 0.02 0.886245 0.886245
50000 burn_in 1171.66 4.45683 1167.2 0 0 0 0.02 0.88656 0.88656
51000 burn_in 1167.95 2.14567 1165.8 0 0 0 0.07388 0.88151 0.629
52000 burn_in 1168.87 0.932966 1167.94 0 0 0 0.07388 0.877808 0.659
53000 burn_in 1166.4 3.43204 1162.97 0 0 0 0.07388 0.873453 0.655
54000 burn_in 1166.03 2.24988 1163.78 0 0 0 0.07388 0.869222 0.6525
55000 burn_in 1168.9 3.53907 1165.36 0 0 0 0.07388 0.864764 0.6468
56000 burn_in 1163.35 2.55156 1160.8 0 0 0 0.07388 0.860393 0.642333
57000 burn_in 1168.66 3.48927 1165.17 0 0 0 0.07388 0.857158 0.647143
58000 burn_in 1168.22 9.648 1158.57 0 0 0 0.07388 0.852845 0.642125
59000 burn_in 1165.18 5.76251 1159.42 0 0 0 0.07388 0.848153 0.634778
60000 burn_in 1166.83 4.08483 1162.75 0 0 0 0.07388 0.845383 0.6395
61000 burn_in 1165.41 2.45221 1162.96 0 0 0 0.07388 0.841951 0.639182
62000 burn_in 1174.83 1.45732 1173.37 0 0 0 0.07388 0.838935 0.6405
63000 burn_in 1167.93 1.78553 1166.14 0 0 0 0.07388 0.836381 0.643385
64000 burn_in 1173.35 1.29153 1172.06 0 0 0 0.07388 0.833406 0.643571
65000 burn_in 1170.24 2.64307 1167.6 0 0 0 0.07388 0.830492 0.6436
66000 burn_in 1168.68 5.95234 1162.73 0 0 0 0.07388 0.827439 0.642687
67000 burn_in 1163.35 3.39509 1159.96 0 0 0 0.07388 0.824776 0.643059
68000 burn_in 1168.66 1.12894 1167.53 0 0 0 0.07388 0.822029 0.642778
69000 burn_in 1169.37 2.54331 1166.82 0 0 0 0.07388 0.819681 0.643684
70000 burn_in 1165.28 6.22272 1159.06 0 0 0 0.07388 0.817386 0.64445
71000 burn_in 1165.29 1.88672 1163.4 0 0 0 0.07388 0.814676 0.643524
72000 burn_in 1163.56 3.53826 1160.02 0 0 0 0.07388 0.811972 0.642455
73000 burn_in 1167.24 0.725494 1166.51 0 0 0 0.07388 0.808973 0.640304
74000 burn_in 1165.4 3.54218 1161.86 0 0 0 0.07388 0.807432 0.642583
75000 burn_in 1171.06 2.9118 1168.15 0 0 0 0.07388 0.805573 0.6436
76000 burn_in 1164.51 3.31065 1161.2 0 0 0 0.07388 0.804013 0.645269
77000 burn_in 1163.5 3.62654 1159.88 0 0 0 0.07388 0.801506 0.644
78000 burn_in 1166.38 4.08412 1162.3 0 0 0 0.07388 0.799115 0.642964
79000 burn_in 1165.3 1.706 1163.59 0 0 0 0.07388 0.79738 0.643621
80000 burn_in 1165.62 3.35546 1162.26 0 0 0 0.07388 0.795262 0.6431
81000 burn_in 1167.18 2.04785 1165.13 0 0 0 0.07388 0.793321 0.642935
82000 burn_in 1165.42 1.95647 1163.46 0 0 0 0.07388 0.791232 0.642281
83000 burn_in 1171.77 2.75945 1169.01 0 0 0 0.07388 0.789747 0.643061
84000 burn_in 1164.21 3.4867 1160.72 0 0 0 0.07388 0.787488 0.641794
85000 burn_in 1167.36 2.18722 1165.18 0 0 0 0.07388 0.785812 0.641886
86000 burn_in 1170.05 2.08867 1167.97 0 0 0 0.07388 0.784023 0.641611
87000 burn_in 1165.03 1.36152 1163.66 0 0 0 0.07388 0.782425 0.641703
88000 burn_in 1164.05 3.41272 1160.64 0 0 0 0.07388 0.781227 0.642632
89000 burn_in 1168.22 3.30321 1164.92 0 0 0 0.07388 0.78 0.643385
90000 burn_in 1167.62 5.66469 1161.95 0 0 0 0.07388 0.778178 0.6427
91000 burn_in 1165.22 6.12524 1159.09 0 0 0 0.07388 0.77678 0.642902
92000 burn_in 1167.31 2.02649 1165.28 0 0 0 0.07388 0.775283 0.64281
93000 burn_in 1169.7 1.01628 1168.69 0 0 0 0.07388 0.774161 0.643465
94000 burn_in 1171.46 3.42716 1168.03 0 0 0 0.07388 0.773181 0.644341
95000 burn_in 1169.75 1.9311 1167.81 0 0 0 0.07388 0.771705 0.644089
96000 burn_in 1169.06 3.61187 1165.45 0 0 0 0.07388 0.770625 0.644609
97000 burn_in 1168.56 4.13295 1164.43 0 0 0 0.07388 0.769515 0.645
98000 burn_in 1170.05 2.75735 1167.29 0 0 0 0.07388 0.768765 0.646062
99000 burn_in 1167.38 2.38111 1165 0 0 0 0.07388 0.767818 0.646653
100000 burn_in 1165.81 4.01249 1161.8 0 0 0 0.07388 0.76646 0.64636
101000 burn_in 1168.41 4.06942 1164.34 0 0 0 0.198971 0.761762 0.292
102000 burn_in 1164.53 5.11134 1159.42 0 0 0 0.198971 0.757324 0.3005
103000 burn_in 1168.32 4.01002 1164.31 0 0 0 0.198971 0.752777 0.296667
104000 burn_in 1174.2 2.24878 1171.95 0 0 0 0.198971 0.748577 0.3015
105000 burn_in 1166.46 2.68915 1163.77 0 0 0 0.198971 0.7444 0.3032
106000 burn_in 1165.89 2.27926 1163.61 0 0 0 0.198971 0.74083 0.313667
107000 burn_in 1168.04 2.37151 1165.67 0 0 0 0.198971 0.737 0.316143
108000 burn_in 1167.22 1.46375 1165.75 0 0 0 0.198971 0.732935 0.313875
109000 burn_in 1165.8 4.94191 1160.86 0 0 0 0.198971 0.728853 0.311
110000 burn_in 1165.62 3.14084 1162.48 0 0 0 0.198971 0.725055 0.311
111000 burn_in 1164.54 5.56605 1158.98 0 0 0 0.198971 0.721324 0.311
112000 burn_in 1169.64 1.47008 1168.17 0 0 0 0.198971 0.717348 0.308083
113000 burn_in 1164.88 2.04032 1162.84 0 0 0 0.198971 0.713451 0.305692
114000 burn_in 1175.42 1.11739 1174.31 0 0 0 0.198971 0.710123 0.307714
115000 burn_in 1170.72 2.75113 1167.97 0 0 0 0.198971 0.706887 0.309733
116000 burn_in 1165.74 3.78787 1161.95 0 0 0 0.198971 0.703931 0.313125
117000 burn_in 1163.25 2.0275 1161.22 0 0 0 0.198971 0.700667 0.313647
118000 burn_in 1166.41 4.64582 1161.77 0 0 0 0.198971 0.697381 0.313611
119000 burn_in 1171.33 7.56379 1163.77 0 0 0 0.198971 0.693613 0.310211
120000 burn_in 1169.74 5.89814 1163.84 0 0 0 0.198971 0.690217 0.309
121000 burn_in 1166.98 9.82567 1157.15 0 0 0 0.198971 0.686884 0.307952
122000 burn_in 1164.86 5.46501 1159.39 0 0 0 0.198971 0.683746 0.307773
123000 burn_in 1164.98 7.07221 1157.91 0 0 0 0.198971 0.68078 0.308261
124000 burn_in 1167.22 5.37123 1161.85 0 0 0 0.198971 0.677581 0.30725
125000 burn_in 1166 1.88764 1164.11 0 0 0 0.198971 0.6746 0.30716
126000 burn_in 1167.99 5.88266 1162.11 0 0 0 0.198971 0.671603 0.306769
127000 burn_in 1172.69 6.39358 1166.29 0 0 0 0.198971 0.66885 0.307333
128000 burn_in 1167.73 1.9816 1165.75 0 0 0 0.198971 0.666148 0.307893
129000 burn_in 1170.1 2.14813 1167.95 0 0 0 0.198971 0.663481 0.308379
130000 burn_in 1170.53 1.27404 1169.25 0 0 0 0.198971 0.660777 0.3085
131000 burn_in 1165.81 1.10247 1164.71 0 0 0 0.198971 0.658099 0.308548
132000 burn_in 1167.19 5.9077 1161.28 0 0 0 0.198971 0.655417 0.308406
133000 burn_in 1163.71 4.26988 1159.44 0 0 0 0.198971 0.652925 0.308879
134000 burn_in 1168.21 0.603723 1167.61 0 0 0 0.198971 0.650545 0.309618
135000 burn_in 1170.64 7.29427 1163.34 0 0 0 0.198971 0.648356 0.310914
136000 burn_in 1166.64 2.81754 1163.82 0 0 0 0.198971 0.645838 0.310778
137000 burn_in 1168.76 7.63415 1161.13 0 0 0 0.198971 0.643599 0.311541
138000 burn_in 1175.89 1.94247 1173.94 0 0 0 0.198971 0.641355 0.312132
139000 burn_in 1164 3.5647 1160.43 0 0 0 0.198971 0.639252 0.313077
140000 burn_in 1167.89 3.50266 1164.39 0 0 0 0.198971 0.637371 0.31465
141000 burn_in 1169.59 0.305683 1169.29 0 0 0 0.198971 0.635262 0.315268
142000 burn_in 1164.78 1.31012 1163.47 0 0 0 0.198971 0.633275 0.316167
143000 burn_in 1168.93 4.06788 1164.86 0 0 0 0.198971 0.631098 0.316302
144000 burn_in 1169.38 3.41489 1165.96 0 0 0 0.198971 0.629062 0.316795
145000 burn_in 1171.28 2.71311 1168.57 0 0 0 0.198971 0.626938 0.316889
146000 burn_in 1165.29 1.67338 1163.62 0 0 0 0.198971 0.62463 0.316304
147000 burn_in 1166.54 2.36838 1164.17 0 0 0 0.198971 0.622497 0.316191
148000 burn_in 1168.1 0.750028 1167.35 0 0 0 0.198971 0.620581 0.316667
149000 burn_in 1175.31 6.46841 1168.84 0 0 0 0.198971 0.618591 0.316816
150000 burn_in 1173.32 1.50999 1171.81 0 0 0 0.198971 0.616713 0.31722
151000 burn_in 1168.19 3.34843 1164.84 0 0 0 0.198971 0.614921 0.317784
152000 burn_in 1165.66 3.85219 1161.8 0 0 0 0.198971 0.612822 0.317365
153000 burn_in 1165.03 8.48423 1156.55 0 0 0 0.198971 0.610627 0.316604
154000 burn_in 1171.55 4.0806 1167.47 0 0 0 0.198971 0.60861 0.316296
155000 burn_in 1168.17 3.80054 1164.37 0 0 0 0.198971 0.606587 0.315909
156000 burn_in 1164.49 2.03608 1162.45 0 0 0 0.198971 0.604891 0.316375
157000 burn_in 1171.98 2.84618 1169.14 0 0 0 0.198971 0.603051 0.316368
158000 burn_in 1172.5 11.5109 1160.99 0 0 0 0.198971 0.601241 0.316379
159000 burn_in 1166.89 4.88269 1162.01 0 0 0 0.198971 0.599522 0.316576
160000 burn_in 1169.98 3.80827 1166.18 0 0 0 0.198971 0.597675 0.316367
161000 burn_in 1167.81 9.64447 1158.17 0 0 0 0.198971 0.595832 0.316115
162000 burn_in 1163.72 1.39697 1162.33 0 0 0 0.198971 0.594117 0.316145
163000 burn_in 1164.43 2.15766 1162.28 0 0 0 0.198971 0.59262 0.316683
164000 burn_in 1164.92 2.28418 1162.64 0 0 0 0.198971 0.590884 0.316547
165000 burn_in 1172.01 5.69023 1166.32 0 0 0 0.198971 0.589212 0.316523
166000 burn_in 1164.23 3.88379 1160.34 0 0 0 0.198971 0.58762 0.316652
167000 burn_in 1166.54 2.75274 1163.78 0 0 0 0.198971 0.586066 0.316821
168000 burn_in 1167.05 2.75077 1164.3 0 0 0 0.198971 0.584518 0.316956
169000 burn_in 1162.69 3.82416 1158.87 0 0 0 0.198971 0.58287 0.316797
170000 burn_in 1166.47 1.41034 1165.06 0 0 0 0.198971 0.581365 0.316943
171000 burn_in 1166.81 1.63851 1165.17 0 0 0 0.198971 0.579901 0.317141
172000 burn_in 1164.5 4.09152 1160.41 0 0 0 0.198971 0.578413 0.317236
173000 burn_in 1166.03 5.34431 1160.68 0 0 0 0.198971 0.57696 0.31737
174000 burn_in 1168.9 2.73928 1166.16 0 0 0 0.198971 0.575362 0.317122
175000 burn_in 1168.79 1.97255 1166.81 0 0 0 0.198971 0.573971 0.31732
176000 burn_in 1165.05 5.06762 1159.99 0 0 0 0.198971 0.572574 0.317461
177000 burn_in 1170.71 3.01478 1167.69 0 0 0 0.198971 0.571169 0.317545
178000 burn_in 1168.53 5.15941 1163.37 0 0 0 0.198971 0.569573 0.317154
179000 burn_in 1163.93 3.15633 1160.78 0 0 0 0.198971 0.568028 0.316848
180000 burn_in 1169.2 1.70245 1167.5 0 0 0 0.198971 0.566594 0.316763
181000 burn_in 1169.72 4.45417 1165.26 0 0 0 0.198971 0.565221 0.316778
182000 burn_in 1166.84 2.78616 1164.06 0 0 0 0.198971 0.56372 0.316476
183000 burn_in 1169.43 2.88584 1166.55 0 0 0 0.198971 0.562191 0.316084
184000 burn_in 1166.64 2.09329 1164.55 0 0 0 0.198971 0.560679 0.315702
185000 burn_in 1166.86 1.41452 1165.44 0 0 0 0.198971 0.559011 0.314953
186000 burn_in 1171.25 11.7966 1159.45 0 0 0 0.198971 0.557866 0.315314
187000 burn_in 1170.24 0.691549 1169.55 0 0 0 0.198971 0.556551 0.315276
188000 burn_in 1166.7 4.64413 1162.05 0 0 0 0.198971 0.555399 0.315557
189000 burn_in 1167.53 2.2429 1165.28 0 0 0 0.198971 0.554196 0.315697
190000 burn_in 1165.43 2.84893 1162.58 0 0 0 0.198971 0.552953 0.315722
191000 burn_in 1165.91 6.57802 1159.34 0 0 0 0.198971 0.551853 0.316022
192000 burn_in 1168.87 4.84276 1164.02 0 0 0 0.198971 0.550599 0.315967
193000 burn_in 1168.11 6.04496 1162.07 0 0 0 0.198971 0.549523 0.316258
194000 burn_in 1165.77 2.62166 1163.15 0 0 0 0.198971 0.548381 0.316383
195000 burn_in 1166.86 7.3423 1159.52 0 0 0 0.198971 0.547056 0.316105
196000 burn_in 1163.26 1.93349 1161.32 0.00787343 0 0 0.198971 0.545684 0.315708
197000 burn_in 1164.3 1.93299 1162.37 0 0 0 0.198971 0.544477 0.315629
198000 burn_in 1167.35 1.58456 1164.79 0.979063 0 0 0.198971 0.543217 0.315418
199000 burn_in 1166.75 4.28877 1162.46 0 0 0 0.198971 0.542171 0.315616
200000 burn_in 1176.14 3.38522 1172.76 0 0 0 0.198971 0.54109 0.31572
201000 burn_in 1167.18 1.78724 1165.4 0 0 0 0.261747 0.539527 0.227
202000 burn_in 1169.97 5.30946 1164.66 0 0 0 0.261747 0.537772 0.206
203000 burn_in 1172.99 1.19407 1171.8 0 0 0 0.261747 0.536227 0.212
204000 burn_in 1168.07 3.8563 1164.22 0 0 0 0.261747 0.534784 0.2195
205000 burn_in 1170.36 2.48133 1166.35 1.52892 0 0 0.261747 0.533454 0.228
206000 burn_in 1166.34 2.55931 1163.78 0 0 0 0.261747 0.531961 0.227667
207000 burn_in 1170.95 3.41982 1167.53 0 0 0 0.261747 0.530628 0.231714
208000 burn_in 1164.89 3.64109 1161.25 0 0 0 0.261747 0.529149 0.230625
209000 burn_in 1170.31 1.7841 1168.52 0 0 0 0.261747 0.527636 0.228667
210000 burn_in 1166.31 4.1905 1162.12 0 0 0 0.261747 0.526162 0.2276
211000 burn_in 1164.79 3.7895 1160.85 0.151722 0 0 0.261747 0.524758 0.227818
212000 burn_in 1167.19 3.78601 1163.41 0 0 0 0.261747 0.523311 0.227
213000 burn_in 1169.25 3.57751 1165.67 0 0 0 0.261747 0.521901 0.226692
214000 burn_in 1172.47 1.23443 1171.24 0 0 0 0.261747 0.520551 0.227143
215000 burn_in 1166.95 6.71759 1160.23 0 0 0 0.261747 0.519144 0.226533
216000 burn_in 1168.6 2.57625 1166.03 0 0 0 0.261747 0.517745 0.225938
217000 burn_in 1164.38 1.82544 1162.55 0 0 0 0.261747 0.516332 0.225059
218000 burn_in 1164.81 4.5583 1160.26 0 0 0 0.261747 0.514968 0.224722
219000 burn_in 1163.15 2.56084 1160.59 0 0 0 0.261747 0.51374 0.225842
220000 burn_in 1162.72 3.04737 1159.68 0 0 0 0.261747 0.512441 0.22595
221000 burn_in 1165.36 1.1103 1163.84 0.412312 0 0 0.261747 0.511063 0.225095
222000 burn_in 1167.8 2.39446 1165.4 0 0 0 0.261747 0.50968 0.224136
223000 burn_in 1169.87 5.44234 1164.43 0 0 0 0.261747 0.508377 0.223913
224000 burn_in 1170.6 0.909475 1169.69 0 0 0 0.261747 0.507161 0.224417
225000 burn_in 1168.21 2.65798 1165.55 0 0 0 0.261747 0.505996 0.22524
226000 burn_in 1172.32 1.67602 1170.64 0 0 0 0.261747 0.504659 0.224423
227000 burn_in 1169.24 2.37583 1166.86 0 0 0 0.261747 0.503414 0.224333
228000 burn_in 1165.19 5.30409 1159.89 0 0 0 0.261747 0.502154 0.224036
229000 burn_in 1166.61 5.19191 1161.42 0 0 0 0.261747 0.500895 0.22369
230000 burn_in 1171.92 1.40241 1170.52 0 0 0 0.261747 0.499609 0.223067
231000 burn_in 1167.98 0.886126 1167.09 0 0 0 0.261747 0.498394 0.222935
232000 burn_in 1165.75 4.19672 1161.55 0 0 0 0.261747 0.497259 0.223312
233000 burn_in 1169.97 11.2608 1158.71 0 0 0 0.261747 0.496082 0.223303
234000 burn_in 1170.28 2.16125 1168.12 0 0 0 0.261747 0.49491 0.223265
235000 burn_in 1167.96 2.57633 1165.38 0 0 0 0.261747 0.493736 0.223143
236000 burn_in 1165.77 1.95079 1163.82 0 0 0 0.261747 0.492623 0.223361
237000 burn_in 1168.38 3.94233 1164.44 0 0 0 0.261747 0.491515 0.223541
238000 burn_in 1166.92 6.02697 1160.9 0 0 0 0.261747 0.490307 0.223026
239000 burn_in 1165.83 2.85022 1162.98 0 0 0 0.261747 0.489305 0.223744
240000 burn_in 1165.82 0.616994 1165.2 0 0 0 0.261747 0.488187 0.223675
241000 burn_in 1172.15 5.95619 1166.2 0 0 0 0.261747 0.487116 0.223829
242000 burn_in 1170.62 1.67655 1168.94 0 0 0 0.261747 0.486194 0.224786
243000 burn_in 1170.3 2.87158 1167.43 0 0 0 0.261747 0.48507 0.224512
244000 burn_in 1170.05 6.02166 1164.03 0 0 0 0.261747 0.483984 0.224409
245000 burn_in 1173.53 8.82493 1164.7 0 0 0 0.261747 0.482853 0.224022
246000 burn_in 1170.92 6.91284 1164.01 0 0 0 0.261747 0.481829 0.224174
247000 burn_in 1166.2 3.67288 1162.52 0 0 0 0.261747 0.480923 0.224894
248000 burn_in 1164.76 1.82264 1162.94 0 0 0 0.261747 0.479806 0.224458
249000 burn_in 1166.67 4.37774 1162.3 0 0 0 0.261747 0.478699 0.224041
250000 burn_in 1166.81 2.0313 1164.78 0 0 0 0.261747 0.477696 0.22412
251000 burn_in 1165.36 3.72045 1161.64 0 0 0 0.261747 0.476697 0.224176
252000 burn_in 1166.17 2.78392 1163.39 0 0 0 0.261747 0.475683 0.224115
253000 burn_in 1163.72 5.9177 1157.8 0 0 0 0.261747 0.474806 0.224679
254000 burn_in 1168.24 4.08711 1164.15 0 0 0 0.261747 0.473681 0.224019
255000 burn_in 1168.39 3.48733 1164.91 0 0 0 0.261747 0.472612 0.2236
256000 burn_in 1169.54 5.21932 1164.32 0 0 0 0.261747 0.471652 0.223661
257000 burn_in 1167.72 5.52632 1162.19 0 0 0 0.261747 0.470658 0.223526
258000 burn_in 1171.87 3.51581 1168.36 0 0 0 0.261747 0.469562 0.222914
259000 burn_in 1170 9.34166 1160.66 0 0 0 0.261747 0.468792 0.223712
260000 burn_in 1165.95 3.92162 1162.03 0 0 0 0.261747 0.467788 0.22345
261000 burn_in 1168.97 2.07034 1166.9 0 0 0 0.261747 0.466977 0.223984
262000 burn_in 1163.94 2.53 1161.41 0 0 0 0.261747 0.466031 0.223903
263000 burn_in 1169.32 4.51694 1164.62 0.18644 0 0 0.261747 0.465114 0.223921
264000 burn_in 1170.33 2.63121 1167.7 0 0 0 0.261747 0.464223 0.224016
265000 burn_in 1169.14 3.15023 1165.99 0 0 0 0.261747 0.463358 0.224185
266000 burn_in 1163.44 1.76601 1161.67 0 0 0 0.261747 0.462504 0.224364
267000 burn_in 1168.26 1.82544 1166.43 0 0 0 0.261747 0.461524 0.224015
268000 burn_in 1171.42 6.65317 1164.76 0 0 0 0.261747 0.460556 0.223691
269000 burn_in 1166.23 2.35397 1163.88 0 0 0 0.261747 0.459732 0.223913
270000 burn_in 1167.7 4.44046 1163.26 0 0 0 0.261747 0.458774 0.223586
271000 burn_in 1170.1 2.73533 1167.36 0 0 0 0.261747 0.457923 0.223648
272000 burn_in 1165.46 4.37489 1161.08 0 0 0 0.261747 0.457051 0.223611
273000 burn_in 1166.88 1.92842 1164.95 0 0 0 0.261747 0.456147 0.223425
274000 burn_in 1169.4 1.58858 1167.81 0 0 0 0.261747 0.455241 0.223216
275000 burn_in 1163.2 1.41821 1161.79 0 0 0 0.261747 0.454367 0.223107
276000 burn_in 1169.31 10.7682 1158.54 0 0 0 0.261747 0.453547 0.223171
277000 burn_in 1172.1 2.11076 1169.99 0 0 0 0.261747 0.452769 0.223364
278000 burn_in 1171.66 4.04896 1167.61 0 0 0 0.261747 0.451942 0.223359
279000 burn_in 1166.54 3.61662 1162.92 0 0 0 0.261747 0.45114 0.223418
280000 burn_in 1169.06 2.16861 1166.89 0 0 0 0.261747 0.450296 0.223312
281000 burn_in 1165.44 6.70877 1158.73 0 0 0 0.261747 0.449466 0.223235
282000 burn_in 1165.53 3.21004 1162.32 0 0 0 0.261747 0.448784 0.223646
283000 burn_in 1163.63 3.53851 1160.09 0 0 0 0.261747 0.448049 0.223855
284000 burn_in 1168.77 5.56549 1163.21 0 0 0 0.261747 0.447201 0.223655
285000 burn_in 1167.32 0.81511 1166.5 0 0 0 0.261747 0.446389 0.223565
286000 burn_in 1165.11 4.09995 1161.01 0 0 0 0.261747 0.445591 0.2235
287000 burn_in 1165.23 2.70272 1162.52 0 0 0 0.261747 0.444899 0.22377
288000 burn_in 1165.61 4.22681 1161.38 0 0 0 0.261747 0.444167 0.223886
289000 burn_in 1167.04 2.61208 1164.43 0 0 0 0.261747 0.443602 0.224528
290000 burn_in 1163.28 2.222 1161.06 0 0 0 0.261747 0.442821 0.224444
291000 burn_in 1164.57 2.45179 1162.12 0 0 0 0.261747 0.442203 0.224868
292000 burn_in 1166.96 0.592151 1166.36 0 0 0 0.261747 0.441493 0.224978
293000 burn_in 1165.52 1.78525 1163.73 0 0 0 0.261747 0.440867 0.225333
294000 burn_in 1172.21 2.29273 1169.92 0 0 0 0.261747 0.440054 0.225085
295000 burn_in 1169.42 4.05331 1165.37 0 0 0 0.261747 0.439424 0.225389
296000 burn_in 1171.88 4.86601 1167.01 0 0 0 0.261747 0.43873 0.225479
297000 burn_in 1167.79 2.12585 1165.66 0 0 0 0.261747 0.438067 0.225649
298000 burn_in 1166.14 1.67127 1164.47 0 0 0 0.261747 0.437289 0.225449
299000 burn_in 1171.04 10.0494 1160.99 0 0 0 0.261747 0.436592 0.225485
300000 burn_in 1169.64 1.48297 1168.16 0 0 0 0.261747 0.43603 0.22591
301000 burn_in 1169.17 1.79597 1167.37 0 0 0 0.261747 0.435412 0.226149
302000 burn_in 1166.37 4.40819 1161.96 0 0 0 0.261747 0.434778 0.226324
303000 burn_in 1173.57 8.96829 1164.6 0 0 0 0.261747 0.434112 0.226388
304000 burn_in 1165.03 3.87514 1161.15 0 0 0 0.261747 0.433418 0.226356
305000 burn_in 1169.02 1.29827 1167.72 0 0 0 0.261747 0.432734 0.226343
306000 burn_in 1165.35 4.47736 1160.87 0 0 0 0.261747 0.432039 0.226283
307000 burn_in 1162.99 4.80505 1158.19 0 0 0 0.261747 0.431349 0.226224
308000 burn_in 1171.41 5.56137 1165.85 0 0 0 0.261747 0.430679 0.226213
309000 burn_in 1171.12 6.54851 1164.57 0 0 0 0.261747 0.430068 0.226358
310000 burn_in 1169.67 8.12316 1161.55 0 0 0 0.261747 0.429342 0.226164
311000 burn_in 1165.23 2.51503 1162.71 0 0 0 0.261747 0.428662 0.22609
312000 burn_in 1168.09 1.4669 1166.62 0 0 0 0.261747 0.428048 0.226188
313000 burn_in 1165.5 1.53287 1163.97 0 0 0 0.261747 0.427383 0.226133
314000 burn_in 1169.09 2.53385 1166.55 0 0 0 0.261747 0.426793 0.226272
315000 burn_in 1165.37 1.30948 1164.06 0 0 0 0.261747 0.426162 0.226287
316000 burn_in 1170.02 4.07227 1165.95 0 0 0 0.261747 0.425478 0.226147
317000 burn_in 1167.24 0.737342 1166.5 0 0 0 0.261747 0.424902 0.226291
318000 burn_in 1162.85 5.95798 1156.89 0 0 0 0.261747 0.424252 0.22622
319000 burn_in 1167.46 3.14711 1164.31 0 0 0 0.261747 0.423639 0.226244
320000 burn_in 1172.06 1.74495 1170.31 0 0 0 0.261747 0.422922 0.225975
321000 burn_in 1165.22 3.40382 1161.82 0 0 0 0.261747 0.42233 0.226033
322000 burn_in 1164.63 1.82742 1162.8 0 0 0 0.261747 0.421767 0.226156
323000 burn_in 1166.88 1.66477 1165.22 0 0 0 0.261747 0.421155 0.226138
324000 burn_in 1171.33 8.41709 1162.92 0 0 0 0.261747 0.420454 0.225879
325000 burn_in 1167.89 1.95482 1165.93 0 0 0 0.261747 0.419788 0.225704
326000 burn_in 1175.86 2.40003 1173.46 0 0 0 0.261747 0.419239 0.225825
327000 burn_in 1172.02 2.69932 1169.32 0 0 0 0.261747 0.418676 0.225898
328000 burn_in 1167.13 2.72745 1164.4 0 0 0 0.261747 0.41807 0.225852
329000 burn_in 1169.51 2.50529 1167 0 0 0 0.261747 0.417514 0.225922
330000 burn_in 1167.79 6.82599 1160.96 0 0 0 0.261747 0.416988 0.226062
331000 burn_in 1165.48 5.14633 1160.33 0 0 0 0.261747 0.41642 0.226084
332000 burn_in 1165.05 2.45148 1162.6 0 0 0 0.261747 0.415828 0.226038
333000 burn_in 1166.26 6.18508 1160.07 0 0 0 0.261747 0.415258 0.226038
334000 burn_in 1164.95 2.4366 1162.51 0 0 0 0.261747 0.414728 0.226127
335000 burn_in 1163.28 4.7674 1158.51 0 0 0 0.261747 0.414069 0.225889
336000 burn_in 1168.55 4.20314 1164.35 0 0 0 0.261747 0.413491 0.225846
337000 burn_in 1173.79 5.56825 1168.23 0 0 0 0.261747 0.412997 0.226
338000 burn_in 1166.94 5.55782 1161.38 0 0 0 0.261747 0.412453 0.226022
339000 burn_in 1168.78 4.84186 1163.94 0 0 0 0.261747 0.411891 0.225993
340000 burn_in 1166.96 6.09471 1160.86 0 0 0 0.261747 0.411315 0.225921
341000 burn_in 1169.77 4.24624 1165.53 0 0 0 0.261747 0.410654 0.225638
342000 burn_in 1167.06 0.646337 1166.41 0 0 0 0.261747 0.410064 0.225521
343000 burn_in 1164.51 2.68875 1161.83 0 0 0 0.261747 0.409586 0.225664
344000 burn_in 1168.43 2.52526 1165.91 0 0 0 0.261747 0.408977 0.225486
345000 burn_in 1167.26 2.27034 1164.99 0 0 0 0.261747 0.408446 0.22549
346000 burn_in 1168.98 5.66149 1163.32 0 0 0 0.261747 0.407913 0.225479
347000 burn_in 1171.29 6.6551 1164.63 0 0 0 0.261747 0.407398 0.225503
348000 burn_in 1170.56 6.17813 1164.38 0 0 0 0.261747 0.406839 0.225419
349000 burn_in 1166.16 3.20019 1162.96 0 0 0 0.261747 0.406332 0.22545
350000 burn_in 1170.6 2.2006 1168.4 0 0 0 0.261747 0.405874 0.225587
351000 burn_in 1168.1 2.33723 1165.77 0 0 0 0.261747 0.40539 0.225656
352000 burn_in 1167.61 4.72369 1162.89 0 0 0 0.261747 0.404878 0.225651
353000 burn_in 1173.16 9.92112 1163.24 0 0 0 0.261747 0.404439 0.22581
354000 burn_in 1166.44 1.9144 1164.53 0 0 0 0.261747 0.403901 0.225734
355000 burn_in 1167.14 2.00525 1165.13 0 0 0 0.261747 0.403344 0.225606
356000 burn_in 1168.32 2.9829 1165.33 0 0 0 0.261747 0.402803 0.225513
357000 burn_in 1166.65 0.913493 1165.74 0 0 0 0.261747 0.402345 0.225599
358000 burn_in 1168.62 2.06732 1166.55 0 0 0 0.261747 0.401922 0.225759
359000 burn_in 1165.49 4.44455 1161.04 0 0 0 0.261747 0.40146 0.225824
360000 burn_in 1176 11.1221 1164.88 0 0 0 0.261747 0.4009 0.225662
361000 burn_in 1164.04 3.37657 1160.67 0 0 0 0.261747 0.400421 0.225677
362000 burn_in 1168.51 3.88594 1164.63 0 0 0 0.261747 0.399909 0.225611
363000 burn_in 1164.56 5.14352 1159.42 0 0 0 0.261747 0.399441 0.225638
364000 burn_in 1171.01 9.34476 1161.66 0 0 0 0.261747 0.398874 0.225439
365000 burn_in 1169.17 2.13687 1167.04 0 0 0 0.261747 0.398334 0.225297
366000 burn_in 1167.56 3.56989 1163.99 0 0 0 0.261747 0.397896 0.225373
367000 burn_in 1166.29 2.59935 1163.69 0 0 0 0.261747 0.397471 0.225473
368000 burn_in 1166.59 3.7105 1162.88 0 0 0 0.261747 0.396967 0.225393
369000 burn_in 1167.07 2.95476 1164.11 0 0 0 0.261747 0.396455 0.22529
370000 burn_in 1169.47 2.03195 1167.44 0 0 0 0.261747 0.396024 0.225359
371000 burn_in 1164.85 1.04685 1163.8 0 0 0 0.261747 0.395582 0.225398
372000 burn_in 1167.59 1.80001 1165.79 0 0 0 0.261747 0.395191 0.225541
373000 burn_in 1163.12 2.14223 1160.98 0 0 0 0.261747 0.39466 0.225376
374000 burn_in 1166.31 2.39086 1163.92 0 0 0 0.261747 0.394275 0.225523
375000 burn_in 1164.06 1.05849 1163 0 0 0 0.261747 0.393776 0.225417
376000 burn_in 1167.8 0.865398 1166.94 0 0 0 0.261747 0.393327 0.225415
377000 burn_in 1168.76 0.677402 1168.02 0.0624602 0 0 0.261747 0.392836 0.225316
378000 burn_in 1166.31 6.50624 1159.8 0 0 0 0.261747 0.392349 0.225225
379000 burn_in 1163.62 7.8191 1155.8 0 0 0 0.261747 0.391905 0.225218
380000 burn_in 1167.6 1.01418 1166.59 0 0 0 0.261747 0.391524 0.225339
381000 burn_in 1169.5 7.37178 1162.13 0 0 0 0.261747 0.391144 0.225459
382000 burn_in 1171.11 1.48899 1169.62 0 0 0 0.261747 0.390762 0.225566
383000 burn_in 1162.87 2.11572 1160.76 0 0 0 0.261747 0.39035 0.225607
384000 burn_in 1168.57 7.68973 1160.88 0 0 0 0.261747 0.389906 0.225576
385000 burn_in 1164.06 4.92509 1159.13 0 0 0 0.261747 0.389494 0.225605
386000 burn_in 1164.57 2.10659 1162.46 0 0 0 0.261747 0.389101 0.225672
387000 burn_in 1170.2 3.84297 1166.36 0 0 0 0.261747 0.388674 0.225663
388000 burn_in 1169.9 4.47055 1165.43 0 0 0 0.261747 0.388253 0.22566
389000 burn_in 1167.82 3.66548 1164.16 0 0 0 0.261747 0.387841 0.225672
390000 burn_in 1170.78 1.81431 1168.97 0 0 0 0.261747 0.387379 0.225579
391000 burn_in 1167.41 2.049 1165.36 0 0 0 0.261747 0.387 0.225649
392000 burn_in 1170.71 4.5799 1166.13 0 0 0 0.261747 0.386628 0.225729
393000 burn_in 1167.99 2.39089 1165.6 0 0 0 0.261747 0.386148 0.225585
394000 burn_in 1166.53 2.65627 1163.87 0 0 0 0.261747 0.385734 0.225572
395000 burn_in 1165.96 2.37261 1163.59 0 0 0 0.261747 0.385405 0.225728
396000 burn_in 1166.6 0.865221 1165.73 0 0 0 0.261747 0.38496 0.225643
397000 burn_in 1162.83 2.70241 1160.13 0 0 0 0.261747 0.384542 0.225609
398000 burn_in 1162.79 2.51479 1160.27 0 0 0 0.261747 0.384158 0.225641
399000 burn_in 1167.14 2.94686 1164.2 0 0 0 0.261747 0.38383 0.225779
400000 burn_in 1169.96 1.56158 1168.39 0 0 0 0.261747 0.383415 0.22574
401000 burn_in 1166.73 5.40434 1161.32 0 0 0 0.261747 0.383062 0.225821
402000 burn_in 1165.84 4.34472 1161.49 0 0 0 0.261747 0.382562 0.225604
403000 burn_in 1165.6 4.41269 1161.19 0 0 0 0.261747 0.382233 0.225724
404000 burn_in 1166.37 4.23736 1162.13 0 0 0 0.261747 0.3818 0.225632
405000 burn_in 1173.83 2.29215 1171.54 0 0 0 0.261747 0.381378 0.225561
406000 burn_in 1168.87 7.89466 1160.98 0 0 0 0.261747 0.38098 0.225534
407000 burn_in 1170.38 1.32147 1169.05 0 0 0 0.261747 0.380631 0.225599
408000 burn_in 1173.6 1.72962 1171.87 0 0 0 0.261747 0.380265 0.225625
409000 burn_in 1166.21 5.55107 1160.66 0 0 0 0.261747 0.37987 0.225593
410000 burn_in 1167.13 3.25076 1163.88 0 0 0 0.261747 0.379466 0.225538
411000 burn_in 1166.44 6.43103 1160.01 0 0 0 0.261747 0.3791 0.225555
412000 burn_in 1165.62 6.13712 1159.49 0 0 0 0.261747 0.378709 0.225519
413000 burn_in 1167 3.59238 1163.41 0 0 0 0.261747 0.378303 0.225451
414000 burn_in 1164.94 3.28602 1161.65 0 0 0 0.261747 0.377923 0.22543
415000 burn_in 1165.53 4.28537 1161.25 0 0 0 0.261747 0.377552 0.225423
416000 burn_in 1165.98 4.08431 1161.89 0 0 0 0.261747 0.377195 0.22544
417000 burn_in 1164.85 2.85117 1162 0 0 0 0.261747 0.376861 0.225498
418000 burn_in 1167.33 5.44945 1161.88 0 0 0 0.261747 0.37644 0.225385
419000 burn_in 1164.51 1.0346 1163.47 0 0 0 0.261747 0.376026 0.225283
420000 burn_in 1166.29 2.55849 1163.73 0 0 0 0.261747 0.375676 0.2253
421000 burn_in 1167.16 1.70059 1165.46 0 0 0 0.261747 0.375444 0.225538
422000 burn_in 1172.11 5.15133 1166.96 0 0 0 0.261747 0.375118 0.225595
423000 burn_in 1164.08 1.62926 1162.45 0 0 0 0.261747 0.374768 0.225601
424000 burn_in 1169.63 3.20694 1166.42 0 0 0 0.261747 0.374399 0.225567
425000 burn_in 1167.05 3.21637 1163.84 0 0 0 0.261747 0.374028 0.225529
426000 burn_in 1165.96 1.71897 1164.24 0 0 0 0.261747 0.373683 0.225535
427000 burn_in 1165.49 3.03736 1162.46 0 0 0 0.261747 0.373377 0.225612
428000 burn_in 1166.3 2.166 1164.14 0 0 0 0.261747 0.373051 0.225649
429000 burn_in 1167.21 3.84381 1163.36 0 0 0 0.261747 0.372718 0.225668
430000 burn_in 1169.14 3.01326 1166.13 0 0 0 0.261747 0.37236 0.225639
431000 burn_in 1169.54 4.9222 1164.62 0 0 0 0.261747 0.372058 0.22571
432000 burn_in 1166.69 2.89119 1163.8 0 0 0 0.261747 0.371778 0.225819
433000 burn_in 1166.86 4.1624 1162.66 0.04257 0 0 0.261747 0.371439 0.225815
434000 burn_in 1163.98 1.99656 1161.98 0 0 0 0.261747 0.371081 0.225774
435000 burn_in 1170.83 1.06706 1169.76 0 0 0 0.261747 0.370793 0.22586
436000 burn_in 1164.64 3.37091 1161.27 0 0 0 0.261747 0.370498 0.225928
437000 burn_in 1166.97 6.45164 1160.52 0 0 0 0.261747 0.370199 0.225987
438000 burn_in 1165.92 2.52402 1163.39 0 0 0 0.261747 0.369872 0.225992
439000 burn_in 1173.19 7.03191 1166.16 0 0 0 0.261747 0.369554 0.226008
440000 burn_in 1163.09 4.02645 1159.06 0 0 0 0.261747 0.369245 0.226042
441000 burn_in 1170.38 5.87501 1164.51 0 0 0 0.261747 0.368968 0.226129
442000 burn_in 1164.92 2.58915 1162.33 0 0 0 0.261747 0.368683 0.226198
443000 burn_in 1169.05 3.17129 1165.88 0 0 0 0.261747 0.368451 0.226362
444000 burn_in 1165.7 1.6625 1164.04 0 0 0 0.261747 0.368189 0.226467
445000 burn_in 1169.88 5.69523 1164.18 0 0 0 0.261747 0.367892 0.226506
446000 burn_in 1170.07 1.70683 1168.36 0 0 0 0.261747 0.367536 0.226435
447000 burn_in 1164.66 4.65052 1160.01 0 0 0 0.261747 0.367221 0.226437
448000 burn_in 1167.57 2.35677 1165.22 0 0 0 0.261747 0.366891 0.226407
449000 burn_in 1170.97 1.21162 1169.76 0 0 0 0.261747 0.366619 0.226482
450000 burn_in 1166.6 5.89141 1160.7 0 0 0 0.261747 0.366302 0.226472
451000 burn_in 1165.17 1.43567 1163.73 0 0 0 0.261747 0.365976 0.226442
452000 burn_in 1168.87 6.68539 1162.19 0 0 0 0.261747 0.365666 0.22644
453000 burn_in 1167.05 5.50699 1161.54 0 0 0 0.261747 0.365419 0.226549
454000 burn_in 1162.76 4.25011 1158.51 0 0 0 0.261747 0.365079 0.226488
455000 burn_in 1167.95 3.66997 1164.28 0 0 0 0.261747 0.364721 0.226392
456000 burn_in 1164.53 1.5683 1162.96 0 0 0 0.261747 0.364314 0.226207
457000 burn_in 1165.74 1.94186 1163.8 0 0 0 0.261747 0.364007 0.226198
458000 burn_in 1166.05 3.73911 1162.31 0 0 0 0.261747 0.363688 0.226167
459000 burn_in 1167.43 2.00144 1165.43 0 0 0 0.261747 0.363351 0.2261
460000 burn_in 1165.26 4.71507 1160.53 0.0145136 0 0 0.261747 0.36303 0.226062
461000 burn_in 1167.59 3.36098 1164.23 0 0 0 0.261747 0.362657 0.225927
462000 burn_in 1172.66 1.18028 1171.48 0 0 0 0.261747 0.36237 0.225943
463000 burn_in 1167.04 0.61785 1166.42 0 0 0 0.261747 0.362045 0.22589
464000 burn_in 1172.04 0.933551 1171.11 0 0 0 0.261747 0.361791 0.225958
465000 burn_in 1172.65 6.09504 1166.55 0 0 0 0.261747 0.361454 0.225879
466000 burn_in 1166.7 2.21789 1164.48 0 0 0 0.261747 0.361215 0.22597
467000 burn_in 1170.74 5.24357 1165.5 0 0 0 0.261747 0.36097 0.226049
468000 burn_in 1163 2.21133 1160.79 0 0 0 0.261747 0.360671 0.22603
469000 burn_in 1167.86 1.44169 1166.42 0 0 0 0.261747 0.360354 0.225978
470000 burn_in 1165.04 3.14574 1161.89 0 0 0 0.261747 0.360036 0.225922
471000 burn_in 1171 3.91484 1167.08 0 0 0 0.261747 0.359701 0.225834
472000 burn_in 1166.95 3.35571 1163.6 0 0 0 0.261747 0.359445 0.225882
473000 burn_in 1166.54 2.43554 1164.1 0 0 0 0.261747 0.359205 0.225956
474000 burn_in 1165.1 3.80742 1161.3 0 0 0 0.261747 0.358867 0.225858
475000 burn_in 1168.46 3.77829 1164.69 0 0 0 0.261747 0.358611 0.225898
476000 burn_in 1166.96 7.1869 1159.78 0 0 0 0.261747 0.358309 0.225859
477000 burn_in 1167.14 4.44804 1162.69 0 0 0 0.261747 0.358061 0.22591
478000 burn_in 1165.52 4.28263 1161.23 0 0 0 0.261747 0.357741 0.225835
479000 burn_in 1166.7 2.18544 1164.51 0 0 0 0.261747 0.357426 0.225767
480000 burn_in 1167.35 4.65807 1162.69 0 0 0 0.261747 0.357137 0.225743
481000 burn_in 1167.14 4.25792 1162.88 0 0 0 0.261747 0.356865 0.225744
482000 burn_in 1164.26 4.01411 1160.24 0 0 0 0.261747 0.356676 0.225887
483000 burn_in 1168.41 2.8792 1165.53 0 0 0 0.261747 0.356356 0.225802
484000 burn_in 1170.53 3.82208 1166.71 0 0 0 0.261747 0.356099 0.225824
485000 burn_in 1164.83 2.37081 1162.46 0 0 0 0.261747 0.355872 0.225895
486000 burn_in 1172.18 2.1638 1170.02 0 0 0 0.261747 0.355558 0.225815
487000 burn_in 1167.77 4.2898 1163.48 0 0 0 0.261747 0.355329 0.225878
488000 burn_in 1164.72 1.21766 1163.5 0 0 0 0.261747 0.355027 0.225816
489000 burn_in 1170.7 3.97145 1166.72 0 0 0 0.261747 0.354779 0.225844
490000 burn_in 1172.57 0.878131 1171.69 0 0 0 0.261747 0.354547 0.225897
491000 burn_in 1164.04 2.18068 1161.86 0 0 0 0.261747 0.35432 0.225955
492000 burn_in 1169.74 1.66362 1168.08 0 0 0 0.261747 0.354002 0.22586
493000 burn_in 1165.68 5.08897 1160.59 0 0 0 0.261747 0.353702 0.225792
494000 burn_in 1166.05 5.51758 1160.53 0 0 0 0.261747 0.353441 0.225789
495000 burn_in 1169.29 1.54535 1167.75 0 0 0 0.261747 0.353198 0.225814
496000 burn_in 1172.53 4.09094 1168.44 0 0 0 0.261747 0.35294 0.225811
497000 burn_in 1164.2 4.08646 1160.11 0 0 0 0.261747 0.352638 0.225734
498000 burn_in 1166.42 4.00826 1162.41 0 0 0 0.261747 0.352355 0.225688
499000 burn_in 1166.11 10.5211 1155.59 0 0 0 0.261747 0.352048 0.225599
500000 burn_in 1164.6 3.89646 1160.71 0 0 0 0.261747 0.351706 0.22545
501000 burn_in 1164.47 2.18387 1162.28 0 0 0 0.245878 0.351491 0.244
502000 burn_in 1168.6 5.56485 1163.04 0 0 0 0.245878 0.351259 0.2395
503000 burn_in 1168.83 1.26885 1167.56 0 0 0 0.245878 0.350996 0.232667
504000 burn_in 1166.71 2.60475 1164.11 0 0 0 0.245878 0.350812 0.239
505000 burn_in 1170.81 4.4756 1166.33 0 0 0 0.245878 0.350657 0.2458
