*mcmc_objective[MCMCObjective]
starting_covariance_matrix {matrix}
parameter_transformation[logRecruitment].log_parameter selectivity[TransitionMale].a50 selectivity[TransitionMale].ato95 age_length[AgeLength].Linf age_length[AgeLength].k time_varying[M_time_var_Male].values{1994} time_varying[M_time_var_Male].values{2015} time_varying[M_time_var_Primi].values{1994} time_varying[M_time_var_Primi].values{2015} catchability[SurveyqM].q selectivity[SurveyMale].a50 selectivity[SurveyMale].ato95 selectivity[FishingMale].a50 selectivity[FishingMale].ato95 selectivity[FishingPrimiFemale].alpha selectivity[FishingMultiFemale].alpha
0.00299014 0.000454285 5.22416e-05 -0.00027609 1.51618e-05 -1.30728e-05 0.000460157 0.00222166 0.00192664 -0.0016572 0.00727839 0.0088569 -0.00135725 -0.00147772 0.000225721 -0.000261307
0.000454285 0.0529382 0.000565018 -0.00356511 -0.000352719 -0.000305752 -0.000691613 0.0035296 0.00172793 0.00292883 0.0499409 0.0368569 -0.0148673 -0.0122216 0.0049265 -0.00195206
5.22416e-05 0.000565018 0.0039 0.00225836 -0.000152187 0.000896016 0.000183957 -0.00227467 -0.000251442 -0.000351286 -0.000949341 -0.00167196 0.00600759 0.00550016 -0.000340752 -0.000844313
-0.00027609 -0.00356511 0.00225836 0.0923264 -0.00380428 -0.000808281 -0.00154688 -0.000213065 -0.00206589 0.00129979 -0.0335971 -0.023567 0.018461 0.0218297 -0.00345876 0.00433449
1.51618e-05 -0.000352719 -0.000152187 -0.00380428 0.000244928 3.25132e-05 7.62028e-05 1.43914e-05 8.26164e-05 -6.83311e-05 0.00163804 0.00147436 -0.000870136 -0.00119891 0.000146114 -0.000167025
-1.30728e-05 -0.000305752 0.000896016 -0.000808281 3.25132e-05 0.00113704 0.000126923 -0.00251204 -0.000385435 -0.000136267 -0.00138108 -0.00140819 0.00442629 0.0039173 -0.000254932 -0.00101676
0.000460157 -0.000691613 0.000183957 -0.00154688 7.62028e-05 0.000126923 0.000605034 -0.000273837 0.000146867 -0.000637629 0.000675619 0.000178528 0.00123615 0.00116555 -0.000150583 6.21684e-05
0.00222166 0.0035296 -0.00227467 -0.000213065 1.43914e-05 -0.00251204 -0.000273837 0.00867154 0.00232515 -0.000337773 0.0107852 0.0120274 -0.0135989 -0.0127868 0.000933528 0.00212387
0.00192664 0.00172793 -0.000251442 -0.00206589 8.26164e-05 -0.000385435 0.000146867 0.00232515 0.0020364 -0.00110548 0.00793026 0.00795062 -0.00265839 -0.00254666 0.000639613 0.000318226
-0.0016572 0.00292883 -0.000351286 0.00129979 -6.83311e-05 -0.000136267 -0.000637629 -0.000337773 -0.00110548 0.00298928 0.00572675 0.00797365 -0.0028581 -0.00202686 -0.000158449 0.000505286
0.00727839 0.0499409 -0.000949341 -0.0335971 0.00163804 -0.00138108 0.000675619 0.0107852 0.00793026 0.00572675 0.193985 0.195196 -0.0280441 -0.0242577 0.00445992 -0.000341932
0.0088569 0.0368569 -0.00167196 -0.023567 0.00147436 -0.00140819 0.000178528 0.0120274 0.00795062 0.00797365 0.195196 0.356003 -0.0234195 -0.0221542 0.00525781 0.00617258
-0.00135725 -0.0148673 0.00600759 0.018461 -0.000870136 0.00442629 0.00123615 -0.0135989 -0.00265839 -0.0028581 -0.0280441 -0.0234195 0.150164 0.0834462 -0.0104423 -0.00319228
-0.00147772 -0.0122216 0.00550016 0.0218297 -0.00119891 0.0039173 0.00116555 -0.0127868 -0.00254666 -0.00202686 -0.0242577 -0.0221542 0.0834462 0.087816 -0.00312511 0.000706747
0.000225721 0.0049265 -0.000340752 -0.00345876 0.000146114 -0.000254932 -0.000150583 0.000933528 0.000639613 -0.000158449 0.00445992 0.00525781 -0.0104423 -0.00312511 0.0149985 -0.000375951
-0.000261307 -0.00195206 -0.000844313 0.00433449 -0.000167025 -0.00101676 6.21684e-05 0.00212387 0.000318226 0.000505286 -0.000341932 0.00617258 -0.00319228 0.000706747 -0.000375951 0.0133397
samples {dataframe}
sample state objective_score prior likelihood penalties additional_priors jacobians step_size acceptance_rate acceptance_rate_since_adapt
1 initialisation 1172.56 1.0432 1171.51 0 0 0 0.02 0 0
1000 burn_in 1168.73 1.82481 1166.9 0 0 0 0.02 0.902 0.902
2000 burn_in 1169.34 0.958519 1168.38 0 0 0 0.02 0.901 0.901
3000 burn_in 1164.43 2.01383 1162.41 0 0 0 0.02 0.902333 0.902333
4000 burn_in 1172.65 4.03157 1168.62 0 0 0 0.02 0.8995 0.8995
5000 burn_in 1164.65 4.87891 1159.77 0 0 0 0.02 0.897 0.897
6000 burn_in 1167.13 4.0812 1163.05 0 0 0 0.02 0.895 0.895
7000 burn_in 1165.5 2.83583 1162.67 0 0 0 0.02 0.895 0.895
8000 burn_in 1165.25 3.30331 1161.95 0 0 0 0.02 0.895375 0.895375
9000 burn_in 1164.57 3.57869 1160.99 0 0 0 0.02 0.895778 0.895778
10000 burn_in 1165.35 3.24803 1162.1 0 0 0 0.02 0.8954 0.8954
11000 burn_in 1168.2 1.7724 1165.47 0.957943 0 0 0.02 0.893 0.893
12000 burn_in 1167.46 3.52623 1163.91 0.0206313 0 0 0.02 0.891083 0.891083
13000 burn_in 1166.38 3.57961 1162.8 0 0 0 0.02 0.891846 0.891846
14000 burn_in 1168.19 4.48892 1163.7 0 0 0 0.02 0.889714 0.889714
15000 burn_in 1171.57 8.47382 1163.1 0 0 0 0.02 0.8878 0.8878
16000 burn_in 1164.24 4.13237 1160.1 0 0 0 0.02 0.88725 0.88725
17000 burn_in 1166.11 2.13491 1163.97 0 0 0 0.02 0.885765 0.885765
18000 burn_in 1165.47 3.48726 1161.98 0 0 0 0.02 0.885889 0.885889
19000 burn_in 1163.92 2.62711 1161.29 0 0 0 0.02 0.885526 0.885526
20000 burn_in 1167.78 1.62437 1166.15 0 0 0 0.02 0.8843 0.8843
21000 burn_in 1165.58 0.883397 1164.7 0 0 0 0.02 0.885048 0.885048
22000 burn_in 1166.49 2.10873 1164.38 0 0 0 0.02 0.8855 0.8855
23000 burn_in 1163.2 2.46834 1160.73 0 0 0 0.02 0.886261 0.886261
24000 burn_in 1166.73 4.02559 1162.7 0 0 0 0.02 0.886833 0.886833
25000 burn_in 1169.37 2.86664 1166.51 0 0 0 0.02 0.88708 0.88708
26000 burn_in 1163.35 3.74575 1159.6 0 0 0 0.02 0.887077 0.887077
27000 burn_in 1164.43 1.1482 1163.28 0 0 0 0.02 0.887778 0.887778
28000 burn_in 1166.17 1.29342 1164.88 0 0 0 0.02 0.887857 0.887857
29000 burn_in 1165.02 2.14157 1162.88 0 0 0 0.02 0.887621 0.887621
30000 burn_in 1163.53 6.03582 1157.5 0 0 0 0.02 0.887833 0.887833
31000 burn_in 1166.46 3.36266 1163.09 0 0 0 0.02 0.886871 0.886871
32000 burn_in 1165.73 3.98786 1161.74 0 0 0 0.02 0.886437 0.886437
33000 burn_in 1165.16 6.55631 1158.6 0 0 0 0.02 0.885939 0.885939
34000 burn_in 1166.78 3.5895 1163.19 0 0 0 0.02 0.885941 0.885941
35000 burn_in 1162.08 5.55199 1156.52 0 0 0 0.02 0.8864 0.8864
36000 burn_in 1166.55 4.42594 1162.12 0 0 0 0.02 0.886778 0.886778
37000 burn_in 1167.37 3.37265 1164 0 0 0 0.02 0.88673 0.88673
38000 burn_in 1165.69 1.24841 1164.44 0 0 0 0.02 0.886868 0.886868
39000 burn_in 1169.55 2.65841 1166.89 0 0 0 0.02 0.887154 0.887154
40000 burn_in 1168.4 4.25336 1164.15 0 0 0 0.02 0.8875 0.8875
41000 burn_in 1170.04 4.2078 1165.83 0 0 0 0.02 0.887171 0.887171
42000 burn_in 1174.01 4.90772 1169.1 0 0 0 0.02 0.886738 0.886738
43000 burn_in 1171.84 3.45975 1168.38 0 0 0 0.02 0.886047 0.886047
44000 burn_in 1167.71 3.61746 1164.1 0 0 0 0.02 0.885841 0.885841
45000 burn_in 1169.27 6.63722 1162.63 0 0 0 0.02 0.886156 0.886156
46000 burn_in 1169.18 2.5079 1166.67 0 0 0 0.02 0.88687 0.88687
47000 burn_in 1168.36 0.829274 1167.53 0 0 0 0.02 0.887128 0.887128
48000 burn_in 1169.92 1.12926 1168.79 0 0 0 0.02 0.886833 0.886833
49000 burn_in 1172.56 2.77503 1169.79 0 0 0 0.02 0.887449 0.887449
50000 burn_in 1173.63 3.15574 1170.47 0 0 0 0.02 0.88758 0.88758
51000 burn_in 1168.24 6.74353 1161.5 0 0 0 0.073965 0.883039 0.656
52000 burn_in 1168.27 2.12462 1166.14 0 0 0 0.073965 0.879077 0.6665
53000 burn_in 1166.71 6.84971 1159.86 0 0 0 0.073965 0.874962 0.664667
54000 burn_in 1172.56 6.05322 1166.51 0 0 0 0.073965 0.870074 0.65125
55000 burn_in 1171.26 2.16152 1169.1 0 0 0 0.073965 0.865673 0.6466
56000 burn_in 1169.11 5.66797 1163.44 0 0 0 0.073965 0.862089 0.649667
57000 burn_in 1166.09 2.62092 1163.47 0 0 0 0.073965 0.858439 0.650286
58000 burn_in 1167.51 1.38495 1166.12 0 0 0 0.073965 0.854552 0.648125
59000 burn_in 1168.99 1.85689 1167.13 0 0 0 0.073965 0.851458 0.650778
60000 burn_in 1168.09 2.51648 1165.57 0 0 0 0.073965 0.848267 0.6517
61000 burn_in 1167.6 3.03464 1164.57 0 0 0 0.073965 0.844803 0.650364
62000 burn_in 1163.56 2.743 1160.82 0 0 0 0.073965 0.841806 0.651083
63000 burn_in 1163.81 3.88899 1159.92 0 0 0 0.073965 0.83881 0.651231
64000 burn_in 1169.11 1.70603 1167.4 0 0 0 0.073965 0.835812 0.650929
65000 burn_in 1165.64 8.38211 1157.26 0 0 0 0.073965 0.833185 0.651867
66000 burn_in 1165.22 4.09986 1161.12 0 0 0 0.073965 0.829864 0.6495
67000 burn_in 1164.56 2.69812 1161.86 0 0 0 0.073965 0.82703 0.648941
68000 burn_in 1169.98 2.64714 1167.33 0 0 0 0.073965 0.8245 0.649278
69000 burn_in 1171.91 8.35353 1163.56 0 0 0 0.073965 0.821652 0.648158
70000 burn_in 1169.11 3.37091 1165.74 0 0 0 0.073965 0.8182 0.64475
71000 burn_in 1165.56 3.68609 1161.87 0 0 0 0.073965 0.815549 0.644048
72000 burn_in 1167.12 3.73372 1163.38 0 0 0 0.073965 0.813153 0.644
73000 burn_in 1169.86 3.45083 1166.41 0 0 0 0.073965 0.810233 0.642087
74000 burn_in 1167.39 6.39787 1160.99 0 0 0 0.073965 0.807635 0.641083
75000 burn_in 1168.35 3.97283 1164.38 0 0 0 0.073965 0.804947 0.63968
76000 burn_in 1166.84 3.02566 1163.81 0 0 0 0.073965 0.802921 0.640115
77000 burn_in 1167.96 3.6016 1164.36 0 0 0 0.073965 0.800831 0.640185
78000 burn_in 1163.28 3.52876 1159.75 0 0 0 0.073965 0.798897 0.640536
79000 burn_in 1165.57 3.67786 1161.89 0 0 0 0.073965 0.797063 0.641
80000 burn_in 1165.87 0.981022 1164.89 0 0 0 0.073965 0.795013 0.640733
81000 burn_in 1172.22 4.31617 1167.9 0 0 0 0.073965 0.793123 0.640774
82000 burn_in 1164.22 0.673822 1163.54 0 0 0 0.073965 0.791829 0.642219
83000 burn_in 1166.37 3.26129 1163.1 0 0 0 0.073965 0.790217 0.642697
84000 burn_in 1165.01 0.826693 1164.18 0 0 0 0.073965 0.788726 0.643353
85000 burn_in 1166 2.01761 1163.98 0 0 0 0.073965 0.787024 0.643371
86000 burn_in 1167.62 7.56179 1160.06 0 0 0 0.073965 0.785081 0.642722
87000 burn_in 1167.66 4.28977 1163.37 0 0 0 0.073965 0.78346 0.642757
88000 burn_in 1167.63 4.77266 1162.86 0 0 0 0.073965 0.781602 0.642158
89000 burn_in 1166.65 7.61946 1159.03 0 0 0 0.073965 0.780011 0.642103
90000 burn_in 1171.53 1.26076 1170.27 0 0 0 0.073965 0.778444 0.642025
91000 burn_in 1168.63 1.83584 1166.79 0 0 0 0.073965 0.776725 0.641537
92000 burn_in 1169.22 8.86437 1160.35 0 0 0 0.073965 0.774783 0.6405
93000 burn_in 1165.39 1.40547 1163.98 0 0 0 0.073965 0.773677 0.641233
94000 burn_in 1172.96 5.08666 1167.87 0 0 0 0.073965 0.772309 0.641318
95000 burn_in 1168.71 10.1241 1158.59 0 0 0 0.073965 0.770874 0.6412
96000 burn_in 1166.28 5.27942 1161 0 0 0 0.073965 0.769406 0.640957
97000 burn_in 1165.76 4.80031 1160.96 0 0 0 0.073965 0.768299 0.641404
98000 burn_in 1164.91 2.42722 1162.48 0 0 0 0.073965 0.766918 0.641229
99000 burn_in 1169.89 5.44627 1164.44 0 0 0 0.073965 0.765879 0.641694
100000 burn_in 1167.43 3.12671 1164.31 0 0 0 0.073965 0.7641 0.64062
101000 burn_in 1166.67 2.65448 1164.01 0 0 0 0.197431 0.759525 0.302
102000 burn_in 1166.3 1.25042 1165.05 0 0 0 0.197431 0.7555 0.3255
103000 burn_in 1167.29 3.66922 1163.62 0 0 0 0.197431 0.75132 0.325333
104000 burn_in 1165.47 2.59982 1162.87 0 0 0 0.197431 0.746788 0.314
105000 burn_in 1169.02 4.48462 1164.53 0 0 0 0.197431 0.742743 0.3156
106000 burn_in 1164.85 2.16076 1162.69 0 0 0 0.197431 0.738887 0.318667
107000 burn_in 1170.7 2.63534 1168.06 0 0 0 0.197431 0.734673 0.314286
108000 burn_in 1166.77 4.97666 1161.79 0 0 0 0.197431 0.730759 0.314
109000 burn_in 1169.95 9.15595 1160.8 0 0 0 0.197431 0.726486 0.308556
110000 burn_in 1168.53 1.42236 1167.11 0 0 0 0.197431 0.722573 0.3073
111000 burn_in 1170.64 4.41596 1166.22 0 0 0 0.197431 0.718766 0.306636
112000 burn_in 1168.17 1.81227 1166.36 0 0 0 0.197431 0.715161 0.307333
113000 burn_in 1163.99 2.73282 1161.26 0 0 0 0.197431 0.711558 0.307385
114000 burn_in 1167.03 3.82527 1163.2 0 0 0 0.197431 0.708263 0.309429
115000 burn_in 1166.68 0.916234 1165.76 0 0 0 0.197431 0.704626 0.308133
116000 burn_in 1168.32 2.43612 1165.88 0 0 0 0.197431 0.701284 0.308688
117000 burn_in 1169.47 6.29067 1163.18 0 0 0 0.197431 0.697915 0.308588
118000 burn_in 1165.42 6.73152 1158.69 0 0 0 0.197431 0.694729 0.309333
119000 burn_in 1167.37 6.25694 1161.11 0 0 0 0.197431 0.691378 0.308632
120000 burn_in 1170.58 1.01602 1169.57 0 0 0 0.197431 0.688317 0.3094
121000 burn_in 1168.21 3.41603 1164.79 0 0 0 0.197431 0.685372 0.310476
122000 burn_in 1165.67 4.0209 1161.65 0 0 0 0.197431 0.68241 0.311091
123000 burn_in 1167.06 3.97258 1163.08 0 0 0 0.197431 0.679382 0.311043
124000 burn_in 1164.44 2.71157 1161.73 0 0 0 0.197431 0.676726 0.312667
125000 burn_in 1169.39 1.35488 1168.04 0 0 0 0.197431 0.673944 0.31332
126000 burn_in 1169.25 2.15314 1167.1 0 0 0 0.197431 0.671198 0.313885
127000 burn_in 1165.43 2.16478 1163.26 0 0 0 0.197431 0.668394 0.313926
128000 burn_in 1169.08 4.162 1164.91 0 0 0 0.197431 0.665648 0.314036
129000 burn_in 1163 6.24708 1156.76 0 0 0 0.197431 0.66276 0.31331
130000 burn_in 1165.19 4.43257 1160.76 0 0 0 0.197431 0.660131 0.313567
131000 burn_in 1167.44 0.487122 1166.95 0 0 0 0.197431 0.657672 0.314355
132000 burn_in 1164.77 0.900093 1163.87 0 0 0 0.197431 0.655174 0.314781
133000 burn_in 1168.62 0.977068 1167.64 0 0 0 0.197431 0.652722 0.315212
134000 burn_in 1163.03 2.32247 1160.55 0.154388 0 0 0.197431 0.650037 0.314559
135000 burn_in 1167.63 2.84971 1164.78 0 0 0 0.197431 0.647363 0.313829
136000 burn_in 1166.51 3.40658 1163.1 0 0 0 0.197431 0.645044 0.314333
137000 burn_in 1166.47 2.15119 1164.32 0 0 0 0.197431 0.642591 0.314189
138000 burn_in 1166.49 6.25739 1160.23 0 0 0 0.197431 0.640232 0.314263
139000 burn_in 1168.58 1.54097 1167.04 0 0 0 0.197431 0.63795 0.314487
140000 burn_in 1166.1 7.39728 1158.7 0 0 0 0.197431 0.6358 0.31505
141000 burn_in 1170.09 0.788111 1169.3 0 0 0 0.197431 0.633433 0.314732
142000 burn_in 1163.92 2.84964 1161.07 0 0 0 0.197431 0.631528 0.315881
143000 burn_in 1173.75 5.04005 1168.71 0 0 0 0.197431 0.629245 0.315628
144000 burn_in 1172.26 7.78865 1164.47 0 0 0 0.197431 0.627097 0.315727
145000 burn_in 1172.18 3.34444 1168.83 0 0 0 0.197431 0.62509 0.316178
146000 burn_in 1169.08 0.746273 1168.33 0 0 0 0.197431 0.62324 0.317022
147000 burn_in 1163.16 3.89258 1159.27 0 0 0 0.197431 0.621197 0.317149
148000 burn_in 1163.66 4.05753 1159.6 0 0 0 0.197431 0.619162 0.317208
149000 burn_in 1168.83 0.650565 1168.18 0 0 0 0.197431 0.617181 0.317347
150000 burn_in 1169.13 3.91516 1165.22 0 0 0 0.197431 0.615233 0.3175
151000 burn_in 1166.88 6.68618 1160.19 0 0 0 0.197431 0.613159 0.317196
152000 burn_in 1171.44 8.71558 1162.73 0 0 0 0.197431 0.611217 0.317212
153000 burn_in 1166.45 1.42345 1165.03 0 0 0 0.197431 0.609327 0.317302
154000 burn_in 1166.7 4.65363 1162.05 0 0 0 0.197431 0.607448 0.317352
155000 burn_in 1177.85 1.87307 1175.81 0.171139 0 0 0.197431 0.605426 0.316927
156000 burn_in 1166.07 1.7588 1164.31 0 0 0 0.197431 0.603545 0.316839
157000 burn_in 1166.63 2.45183 1164.18 0 0 0 0.197431 0.60186 0.317228
158000 burn_in 1164.04 2.24617 1161.79 0 0 0 0.197431 0.599994 0.317052
159000 burn_in 1163.81 1.66674 1162.14 0 0 0 0.197431 0.598119 0.316797
160000 burn_in 1165.32 1.60844 1163.72 0 0 0 0.197431 0.596431 0.316983
161000 burn_in 1169.86 2.32421 1167.53 0 0 0 0.197431 0.594665 0.316902
162000 burn_in 1169.36 5.24876 1164.12 0 0 0 0.197431 0.592852 0.316645
163000 burn_in 1166.37 9.02514 1157.34 0 0 0 0.197431 0.590994 0.316222
164000 burn_in 1166.64 1.53303 1165.1 0 0 0 0.197431 0.589457 0.316578
165000 burn_in 1167.26 3.36815 1163.9 0 0 0 0.197431 0.58777 0.316492
166000 burn_in 1170.08 4.21015 1165.87 0 0 0 0.197431 0.585982 0.316106
167000 burn_in 1171.58 5.89153 1165.69 0 0 0 0.197431 0.584335 0.31603
168000 burn_in 1166.73 8.2955 1158.43 0 0 0 0.197431 0.582685 0.315897
169000 burn_in 1164.66 2.05391 1162.61 0 0 0 0.197431 0.581243 0.316232
170000 burn_in 1168.71 1.33939 1167.37 0 0 0 0.197431 0.579806 0.316529
171000 burn_in 1166.46 5.5138 1160.95 0 0 0 0.197431 0.578257 0.316507
172000 burn_in 1173.93 6.90667 1167.02 0 0 0 0.197431 0.576512 0.315972
173000 burn_in 1170.21 4.25909 1165.95 0 0 0 0.197431 0.57485 0.315603
174000 burn_in 1169.21 2.64664 1166.57 0 0 0 0.197431 0.573506 0.315946
175000 burn_in 1171.56 9.81405 1161.75 0 0 0 0.197431 0.572097 0.316093
176000 burn_in 1167.14 3.84963 1163.29 0 0 0 0.197431 0.570807 0.316474
177000 burn_in 1165.09 2.28069 1162.81 0 0 0 0.197431 0.569362 0.316455
178000 burn_in 1164.26 1.69449 1162.57 0 0 0 0.197431 0.567933 0.316436
179000 burn_in 1163.46 4.16601 1159.29 0 0 0 0.197431 0.566559 0.316506
180000 burn_in 1167.84 3.7051 1164.13 0 0 0 0.197431 0.564978 0.316075
181000 burn_in 1166.37 5.36083 1161.01 0 0 0 0.197431 0.56347 0.315778
182000 burn_in 1167.73 8.07295 1159.66 0 0 0 0.197431 0.562198 0.315976
183000 burn_in 1169.37 4.37791 1164.99 0 0 0 0.197431 0.560896 0.316072
184000 burn_in 1165.76 1.99535 1163.77 0 0 0 0.197431 0.559527 0.315988
185000 burn_in 1166.65 3.38191 1163.27 0 0 0 0.197431 0.558184 0.315929
186000 burn_in 1167.89 2.44855 1165.44 0 0 0 0.197431 0.55707 0.316337
187000 burn_in 1166.39 2.47379 1163.91 0 0 0 0.197431 0.555888 0.316563
188000 burn_in 1170.6 0.813323 1169.79 0 0 0 0.197431 0.554628 0.316591
189000 burn_in 1172.43 0.96208 1171.47 0 0 0 0.197431 0.553444 0.316753
190000 burn_in 1171.58 6.35006 1163.6 1.62924 0 0 0.197431 0.551995 0.316322
191000 burn_in 1167.58 1.99149 1165.59 0 0 0 0.197431 0.550738 0.316275
192000 burn_in 1168.21 0.976221 1167.23 0 0 0 0.197431 0.549438 0.316109
193000 burn_in 1165.67 2.65912 1163.01 0 0 0 0.197431 0.548098 0.315839
194000 burn_in 1169.55 5.61787 1163.93 0 0 0 0.197431 0.546923 0.315883
195000 burn_in 1169.26 3.87387 1165.39 0 0 0 0.197431 0.545749 0.315905
196000 burn_in 1177.11 10.3073 1166.8 0 0 0 0.197431 0.544505 0.31576
197000 burn_in 1165 3.99148 1161.01 0 0 0 0.197431 0.543345 0.315763
198000 burn_in 1167.03 1.26626 1165.77 0 0 0 0.197431 0.542025 0.315418
199000 burn_in 1172.89 3.15407 1169.74 0 0 0 0.197431 0.540834 0.315313
200000 burn_in 1165.11 1.71794 1163.39 0 0 0 0.197431 0.539745 0.31539
201000 burn_in 1164.9 1.50019 1163.4 0 0 0 0.259449 0.538204 0.23
202000 burn_in 1164.67 2.22538 1162.45 0 0 0 0.259449 0.536752 0.2375
203000 burn_in 1167.76 4.04406 1163.72 0 0 0 0.259449 0.535217 0.233333
204000 burn_in 1166.13 3.47666 1162.65 0 0 0 0.259449 0.533701 0.2315
205000 burn_in 1162.86 1.39908 1161.46 0 0 0 0.259449 0.532224 0.2314
206000 burn_in 1165.16 4.32006 1160.84 0 0 0 0.259449 0.530709 0.2295
207000 burn_in 1170.12 2.50568 1167.62 0 0 0 0.259449 0.52928 0.230286
208000 burn_in 1167.9 0.516467 1167.38 0 0 0 0.259449 0.527793 0.229
209000 burn_in 1170.9 2.69812 1168.2 0 0 0 0.259449 0.52633 0.228222
210000 burn_in 1167.55 4.34929 1163.2 0 0 0 0.259449 0.524943 0.2289
211000 burn_in 1176.49 4.5101 1171.98 0 0 0 0.259449 0.523464 0.227455
212000 burn_in 1166.83 3.86499 1162.97 0 0 0 0.259449 0.522094 0.227917
213000 burn_in 1167.85 0.999247 1166.85 0 0 0 0.259449 0.520643 0.226769
214000 burn_in 1165.91 1.57598 1164.33 0 0 0 0.259449 0.519355 0.228071
215000 burn_in 1164.99 2.77494 1162.21 0 0 0 0.259449 0.517986 0.227867
216000 burn_in 1166.35 1.46415 1164.89 0 0 0 0.259449 0.51675 0.229313
217000 burn_in 1164.75 3.78919 1160.96 0 0 0 0.259449 0.515382 0.228765
218000 burn_in 1169.42 6.7898 1162.63 0 0 0 0.259449 0.514133 0.229556
219000 burn_in 1166.05 6.77472 1159.28 0 0 0 0.259449 0.512781 0.228947
220000 burn_in 1165.39 0.895239 1164.49 0 0 0 0.259449 0.511445 0.22845
221000 burn_in 1165.54 3.95846 1161.58 0 0 0 0.259449 0.510244 0.229286
222000 burn_in 1169.84 3.45764 1166.38 0 0 0 0.259449 0.508946 0.228955
223000 burn_in 1168.47 6.2407 1162.23 0 0 0 0.259449 0.50774 0.229435
224000 burn_in 1167.73 1.49109 1166.24 0 0 0 0.259449 0.50642 0.228708
225000 burn_in 1173.28 3.25035 1170.03 0 0 0 0.259449 0.505178 0.22864
226000 burn_in 1164.09 0.71579 1163.37 0 0 0 0.259449 0.50392 0.228346
227000 burn_in 1168.58 6.2899 1162.29 0 0 0 0.259449 0.502722 0.228481
228000 burn_in 1169.13 3.9632 1165.17 0 0 0 0.259449 0.501526 0.228536
229000 burn_in 1167.64 3.0873 1164.55 0 0 0 0.259449 0.500362 0.228759
230000 burn_in 1166.1 1.28345 1164.81 0 0 0 0.259449 0.49927 0.229433
231000 burn_in 1167.44 5.72715 1161.72 0 0 0 0.259449 0.497861 0.227645
232000 burn_in 1169.24 6.20683 1163.03 0 0 0 0.259449 0.496565 0.226687
233000 burn_in 1164.72 1.43465 1163.29 0 0 0 0.259449 0.495386 0.226545
234000 burn_in 1167.71 1.75153 1165.96 0 0 0 0.259449 0.494137 0.225853
235000 burn_in 1162.17 3.88885 1158.28 0 0 0 0.259449 0.493017 0.226
236000 burn_in 1162.89 2.8915 1160 0 0 0 0.259449 0.491932 0.226306
237000 burn_in 1170.85 1.71122 1169.14 0 0 0 0.259449 0.490857 0.226595
238000 burn_in 1163.93 2.16816 1161.76 0 0 0 0.259449 0.489819 0.227053
239000 burn_in 1168.66 6.58928 1162.07 0 0 0 0.259449 0.488711 0.227
240000 burn_in 1171.45 3.98431 1167.46 0 0 0 0.259449 0.487596 0.22685
241000 burn_in 1166.73 4.15321 1162.58 0 0 0 0.259449 0.486523 0.226902
242000 burn_in 1166.46 4.00472 1162.45 0 0 0 0.259449 0.485335 0.226238
243000 burn_in 1174.88 4.32845 1170.55 0 0 0 0.259449 0.484342 0.226651
244000 burn_in 1168.46 6.04813 1162.41 0 0 0 0.259449 0.483283 0.226636
245000 burn_in 1162.64 3.7639 1158.88 0 0 0 0.259449 0.482229 0.2266
246000 burn_in 1169.26 9.17693 1160.08 0 0 0 0.259449 0.481146 0.22637
247000 burn_in 1166.41 6.09305 1160.31 0 0 0 0.259449 0.480008 0.225809
248000 burn_in 1171.59 1.53512 1170.06 0 0 0 0.259449 0.479069 0.22625
249000 burn_in 1166.57 0.925609 1165.65 0 0 0 0.259449 0.477988 0.225918
250000 burn_in 1170.24 2.49232 1167.75 0 0 0 0.259449 0.47702 0.22612
251000 burn_in 1163.5 2.19285 1161.31 0 0 0 0.259449 0.476052 0.226275
252000 burn_in 1167.66 1.29265 1166.37 0 0 0 0.259449 0.475044 0.226192
253000 burn_in 1166.83 4.32823 1162.5 0 0 0 0.259449 0.473921 0.225528
254000 burn_in 1165.95 4.03149 1161.92 0 0 0 0.259449 0.473028 0.225926
255000 burn_in 1172.46 8.63393 1163.82 0 0 0 0.259449 0.472149 0.226345
256000 burn_in 1165.07 3.42598 1161.65 0 0 0 0.259449 0.47125 0.226625
257000 burn_in 1173.15 7.56313 1165.59 0 0 0 0.259449 0.470253 0.226421
258000 burn_in 1172.06 2.74191 1169.32 0 0 0 0.259449 0.469391 0.226793
259000 burn_in 1167.56 0.736941 1166.82 0 0 0 0.259449 0.468452 0.22678
260000 burn_in 1166.7 1.34917 1165.35 0 0 0 0.259449 0.467592 0.227083
261000 burn_in 1168.93 1.19252 1167.74 0 0 0 0.259449 0.466716 0.227279
262000 burn_in 1165.89 0.909736 1164.98 0 0 0 0.259449 0.46576 0.227097
263000 burn_in 1162.55 2.6417 1159.91 0 0 0 0.259449 0.464833 0.227016
264000 burn_in 1165.68 4.86765 1160.81 0 0 0 0.259449 0.463894 0.226859
265000 burn_in 1168.91 5.37269 1163.54 0 0 0 0.259449 0.462985 0.2268
266000 burn_in 1167.35 6.47664 1160.87 0 0 0 0.259449 0.46197 0.226288
267000 burn_in 1170.82 2.05163 1168.77 0 0 0 0.259449 0.460996 0.225925
268000 burn_in 1170.07 2.62278 1167.45 0 0 0 0.259449 0.460224 0.226338
269000 burn_in 1164.12 1.8997 1162.22 0 0 0 0.259449 0.459327 0.226232
270000 burn_in 1164.66 1.03132 1163.63 0 0 0 0.259449 0.458563 0.226614
271000 burn_in 1174.51 6.70452 1167.81 0 0 0 0.259449 0.457771 0.226859
272000 burn_in 1168.92 3.325 1165.6 0 0 0 0.259449 0.456934 0.226903
273000 burn_in 1166.46 3.97998 1162.48 0 0 0 0.259449 0.456051 0.226753
274000 burn_in 1166.02 1.35067 1164.67 0 0 0 0.259449 0.455219 0.22677
275000 burn_in 1171.76 4.79448 1166.96 0 0 0 0.259449 0.454487 0.227133
276000 burn_in 1167.59 3.14037 1164.45 0 0 0 0.259449 0.45375 0.227447
277000 burn_in 1166.17 2.02 1164.15 0 0 0 0.259449 0.452986 0.227636
278000 burn_in 1170.22 1.34175 1168.87 0 0 0 0.259449 0.452227 0.227821
279000 burn_in 1169.2 2.32692 1166.87 0 0 0 0.259449 0.451419 0.22781
280000 burn_in 1174.12 3.48736 1170.63 0 0 0 0.259449 0.450689 0.22805
281000 burn_in 1167.79 1.90061 1165.89 0 0 0 0.259449 0.449907 0.228086
282000 burn_in 1165.63 1.81131 1163.82 0 0 0 0.259449 0.449142 0.228159
283000 burn_in 1165.19 4.2451 1160.94 0 0 0 0.259449 0.448403 0.228301
284000 burn_in 1162.48 3.07011 1159.41 0 0 0 0.259449 0.447623 0.228286
285000 burn_in 1164.35 2.8017 1161.55 0 0 0 0.259449 0.446856 0.228294
286000 burn_in 1171.37 11.1287 1160.24 0 0 0 0.259449 0.446049 0.228151
287000 burn_in 1166.76 1.60146 1165.16 0 0 0 0.259449 0.445185 0.227805
288000 burn_in 1166.82 2.68048 1164.14 0 0 0 0.259449 0.444306 0.227398
289000 burn_in 1166.17 2.21637 1163.95 0 0 0 0.259449 0.443585 0.227494
290000 burn_in 1170.33 2.24908 1168.08 0 0 0 0.259449 0.442934 0.2278
291000 burn_in 1168.41 5.76314 1162.65 0 0 0 0.259449 0.442223 0.22789
292000 burn_in 1167.39 6.29709 1161.09 0 0 0 0.259449 0.441524 0.228
293000 burn_in 1162.75 3.39526 1159.36 0 0 0 0.259449 0.440805 0.228032
294000 burn_in 1165.89 2.41797 1163.47 0 0 0 0.259449 0.440095 0.228074
295000 burn_in 1167.43 6.84528 1160.58 0 0 0 0.259449 0.439366 0.228042
296000 burn_in 1170.6 3.29079 1167.31 0 0 0 0.259449 0.438645 0.228021
297000 burn_in 1167.18 4.48313 1162.7 0 0 0 0.259449 0.437906 0.227928
298000 burn_in 1165.87 1.84162 1164.03 0 0 0 0.259449 0.437178 0.227857
299000 burn_in 1166.84 2.91928 1163.92 0 0 0 0.259449 0.436482 0.227869
300000 burn_in 1169.63 1.43181 1168.2 0 0 0 0.259449 0.435873 0.22813
301000 burn_in 1167.57 2.7399 1164.83 0 0 0 0.259449 0.435216 0.228228
302000 burn_in 1168.57 1.25001 1167.32 0 0 0 0.259449 0.434623 0.2285
303000 burn_in 1167.65 2.98961 1164.66 0 0 0 0.259449 0.433941 0.228495
304000 burn_in 1167.65 2.67462 1164.98 0 0 0 0.259449 0.433391 0.228865
305000 burn_in 1170.16 6.36711 1163.8 0 0 0 0.259449 0.432593 0.228495
306000 burn_in 1171.32 1.90683 1169.42 0 0 0 0.259449 0.431922 0.228481
307000 burn_in 1169.69 6.03269 1161.77 1.88365 0 0 0.259449 0.431166 0.228215
308000 burn_in 1171.58 4.86785 1166.71 0 0 0 0.259449 0.430312 0.227657
309000 burn_in 1165.46 4.32735 1161.14 0 0 0 0.259449 0.429608 0.227523
310000 burn_in 1172.83 5.23389 1167.6 0 0 0 0.259449 0.428971 0.227564
311000 burn_in 1166.14 2.05724 1164.09 0 0 0 0.259449 0.428363 0.227676
312000 burn_in 1170.39 7.27255 1163.11 0 0 0 0.259449 0.427782 0.227848
313000 burn_in 1163.34 3.95303 1159.39 0 0 0 0.259449 0.427134 0.227823
314000 burn_in 1169.17 3.59333 1165.57 0 0 0 0.259449 0.426564 0.228
315000 burn_in 1167.09 2.68332 1164.41 0 0 0 0.259449 0.425943 0.228026
316000 burn_in 1167.46 1.68177 1165.78 0 0 0 0.259449 0.425266 0.227888
317000 burn_in 1168.58 3.02527 1165.55 0 0 0 0.259449 0.424615 0.227812
318000 burn_in 1165.99 2.93537 1163.06 0 0 0 0.259449 0.424091 0.228068
319000 burn_in 1167.2 3.57825 1163.62 0 0 0 0.259449 0.423439 0.227966
320000 burn_in 1162.14 3.98003 1158.16 0 0 0 0.259449 0.422812 0.227925
321000 burn_in 1164.9 2.6157 1162.29 0 0 0 0.259449 0.422153 0.227785
322000 burn_in 1165.93 2.00944 1163.92 0 0 0 0.259449 0.421578 0.227861
323000 burn_in 1166.25 0.690585 1165.56 0 0 0 0.259449 0.42091 0.227683
324000 burn_in 1166.66 5.16323 1161.5 0 0 0 0.259449 0.42033 0.227726
325000 burn_in 1167.2 0.917589 1166.28 0 0 0 0.259449 0.419763 0.227792
326000 burn_in 1169.17 5.7642 1163.41 0 0 0 0.259449 0.419248 0.227984
327000 burn_in 1167.14 0.974525 1166.17 0 0 0 0.259449 0.418636 0.227913
328000 burn_in 1167.08 2.90394 1164.18 0 0 0 0.259449 0.418067 0.227945
329000 burn_in 1166.76 3.57586 1163.19 0 0 0 0.259449 0.417444 0.227829
330000 burn_in 1167.19 4.35499 1162.83 0 0 0 0.259449 0.416894 0.227892
331000 burn_in 1164.3 7.14291 1157.15 0 0 0 0.259449 0.416311 0.227863
332000 burn_in 1164.31 6.40641 1157.9 0 0 0 0.259449 0.415642 0.227606
333000 burn_in 1164.41 3.33485 1161.07 0 0 0 0.259449 0.415117 0.227707
334000 burn_in 1169.32 5.52043 1163.8 0 0 0 0.259449 0.414656 0.227955
335000 burn_in 1168.69 1.73868 1166.95 0 0 0 0.259449 0.413988 0.227681
336000 burn_in 1170.63 3.45289 1167.18 0 0 0 0.259449 0.413461 0.22775
337000 burn_in 1167.12 1.35882 1165.76 0 0 0 0.259449 0.412902 0.22773
338000 burn_in 1166.24 2.22719 1164.01 0 0 0 0.259449 0.412385 0.227804
339000 burn_in 1169.41 1.91442 1167.5 0 0 0 0.259449 0.411885 0.227914
340000 burn_in 1176.07 3.01449 1173.06 0 0 0 0.259449 0.4114 0.22805
341000 burn_in 1164.95 2.64362 1162.3 0 0 0 0.259449 0.410827 0.227965
342000 burn_in 1165.64 2.9497 1162.69 0 0 0 0.259449 0.410313 0.228014
343000 burn_in 1162.27 2.83185 1159.44 0 0 0 0.259449 0.40986 0.228203
344000 burn_in 1174.06 6.73957 1166.07 1.25045 0 0 0.259449 0.409247 0.228
345000 burn_in 1170.59 1.91911 1168.67 0 0 0 0.259449 0.408716 0.227986
346000 burn_in 1169.6 3.6155 1165.98 0 0 0 0.259449 0.40815 0.227884
347000 burn_in 1164.31 4.62455 1159.69 0 0 0 0.259449 0.407562 0.227721
348000 burn_in 1165.49 2.76968 1162.72 0 0 0 0.259449 0.40702 0.227662
349000 burn_in 1165.67 1.30167 1164.37 0 0 0 0.259449 0.406476 0.227591
350000 burn_in 1165.07 2.94943 1162.12 0 0 0 0.259449 0.4059 0.22744
351000 burn_in 1171.92 4.75193 1167.17 0 0 0 0.259449 0.405359 0.227364
352000 burn_in 1173.2 3.64763 1169.55 0 0 0 0.259449 0.404818 0.227283
353000 burn_in 1166.42 1.52546 1164.9 0 0 0 0.259449 0.404323 0.227301
354000 burn_in 1167.61 2.40904 1165.2 0 0 0 0.259449 0.403847 0.227357
355000 burn_in 1165.03 7.38182 1157.65 0 0 0 0.259449 0.403307 0.227258
356000 burn_in 1164.61 2.61288 1162 0 0 0 0.259449 0.402812 0.227256
357000 burn_in 1167.46 4.38923 1163.08 0 0 0 0.259449 0.402331 0.22728
358000 burn_in 1168.45 2.8304 1165.62 0 0 0 0.259449 0.401818 0.227228
359000 burn_in 1170.99 2.38191 1168.6 0 0 0 0.259449 0.401343 0.227252
360000 burn_in 1176.37 3.5317 1172.84 0 0 0 0.259449 0.400833 0.227194
361000 burn_in 1164.93 1.2849 1163.65 0 0 0 0.259449 0.400341 0.227168
362000 burn_in 1167.67 6.68202 1160.98 0 0 0 0.259449 0.399914 0.227284
363000 burn_in 1167.88 1.39263 1166.49 0 0 0 0.259449 0.399391 0.227178
364000 burn_in 1164.02 3.60833 1160.41 0 0 0 0.259449 0.398835 0.226994
365000 burn_in 1165.31 3.87982 1161.43 0 0 0 0.259449 0.39837 0.227006
366000 burn_in 1163.94 3.3255 1160.61 0 0 0 0.259449 0.398022 0.227271
367000 burn_in 1162.2 3.80625 1158.39 0 0 0 0.259449 0.397608 0.227383
368000 burn_in 1166.04 1.26402 1164.78 0 0 0 0.259449 0.397011 0.227089
369000 burn_in 1165.44 3.33569 1162.11 0 0 0 0.259449 0.396645 0.227296
370000 burn_in 1163.53 2.4537 1161.08 0 0 0 0.259449 0.396214 0.227353
371000 burn_in 1167.38 1.32906 1166.06 0 0 0 0.259449 0.395701 0.227228
372000 burn_in 1170.45 6.81695 1163.64 0 0 0 0.259449 0.395185 0.227093
373000 burn_in 1166.09 3.35588 1162.73 0 0 0 0.259449 0.394643 0.226896
374000 burn_in 1169.6 1.77578 1167.82 0 0 0 0.259449 0.394198 0.226902
375000 burn_in 1172.72 4.30551 1168.41 0 0 0 0.259449 0.393747 0.226891
376000 burn_in 1166.46 2.51232 1163.95 0 0 0 0.259449 0.393285 0.226852
377000 burn_in 1167.75 2.48042 1165.27 0 0 0 0.259449 0.392798 0.226757
378000 burn_in 1164.88 1.49301 1163.38 0 0 0 0.259449 0.39237 0.226781
379000 burn_in 1165.71 2.90368 1162.81 0 0 0 0.259449 0.39196 0.226838
380000 burn_in 1163.13 1.73522 1161.4 0 0 0 0.259449 0.391595 0.226983
381000 burn_in 1163.68 5.61541 1158.06 0 0 0 0.259449 0.391199 0.227061
382000 burn_in 1167.38 2.12152 1165.26 0 0 0 0.259449 0.39078 0.227082
383000 burn_in 1169.23 4.46897 1164.76 0 0 0 0.259449 0.390405 0.227191
384000 burn_in 1173.68 5.19588 1168.49 0 0 0 0.259449 0.389971 0.227174
385000 burn_in 1165.54 3.36548 1162.18 0 0 0 0.259449 0.389623 0.22733
386000 burn_in 1164.28 5.43498 1158.84 0 0 0 0.259449 0.389236 0.227398
387000 burn_in 1162.68 3.53004 1159.15 0 0 0 0.259449 0.388783 0.227326
388000 burn_in 1162.83 2.84771 1159.99 0 0 0 0.259449 0.388317 0.227223
389000 burn_in 1166.08 3.82334 1162.26 0 0 0 0.259449 0.387877 0.227169
390000 burn_in 1169.49 4.06374 1165.43 0 0 0 0.259449 0.38749 0.227221
391000 burn_in 1166.07 2.45776 1163.61 0 0 0 0.259449 0.387077 0.227215
392000 burn_in 1169.01 2.26955 1166.74 0 0 0 0.259449 0.386597 0.227068
393000 burn_in 1171.43 1.10949 1170.32 0 0 0 0.259449 0.386216 0.227119
394000 burn_in 1165.27 1.11947 1164.15 0 0 0 0.259449 0.385822 0.227139
395000 burn_in 1164.83 1.40902 1163.42 0 0 0 0.259449 0.385397 0.227092
396000 burn_in 1164.22 2.27923 1161.94 0 0 0 0.259449 0.38502 0.227138
397000 burn_in 1168.39 4.91992 1163.47 0 0 0 0.259449 0.38463 0.227152
398000 burn_in 1166 3.89631 1162.1 0 0 0 0.259449 0.384186 0.227056
399000 burn_in 1169.22 4.8077 1164.41 0 0 0 0.259449 0.383867 0.227206
400000 burn_in 1165.53 1.08214 1164.45 0 0 0 0.259449 0.383512 0.22728
401000 burn_in 1164.21 3.4243 1160.78 0 0 0 0.259449 0.383107 0.227249
402000 burn_in 1170.09 7.18782 1162.9 0 0 0 0.259449 0.382761 0.227332
403000 burn_in 1168.73 10.5203 1158.21 0 0 0 0.259449 0.382313 0.227207
404000 burn_in 1163.66 4.1068 1159.55 0 0 0 0.259449 0.381933 0.227216
405000 burn_in 1169.3 3.15863 1166.14 0 0 0 0.259449 0.3816 0.227312
406000 burn_in 1174.05 1.45844 1172.59 0 0 0 0.259449 0.381192 0.227257
407000 burn_in 1164.51 4.45998 1160.05 0 0 0 0.259449 0.380862 0.227353
408000 burn_in 1165.47 5.27895 1160.19 0 0 0 0.259449 0.380456 0.227293
409000 burn_in 1166.96 1.64461 1165.32 0 0 0 0.259449 0.380059 0.227249
410000 burn_in 1165.96 4.2378 1161.73 0 0 0 0.259449 0.379698 0.227271
411000 burn_in 1167.23 2.0662 1165.16 0 0 0 0.259449 0.379255 0.227133
412000 burn_in 1170.34 4.50752 1165.83 0 0 0 0.259449 0.37883 0.227024
413000 burn_in 1165.24 1.33258 1163.91 0 0 0 0.259449 0.378521 0.227136
414000 burn_in 1165.68 5.52835 1160.15 0 0 0 0.259449 0.378111 0.227051
415000 burn_in 1164.99 2.23386 1162.76 0 0 0 0.259449 0.377692 0.226944
416000 burn_in 1171.64 1.75543 1169.89 0 0 0 0.259449 0.377317 0.226921
417000 burn_in 1168.1 0.991521 1167.11 0 0 0 0.259449 0.377024 0.227051
418000 burn_in 1162.96 3.11037 1159.85 0 0 0 0.259449 0.376672 0.227064
419000 burn_in 1168.06 4.63846 1163.42 0 0 0 0.259449 0.376277 0.226991
420000 burn_in 1164.9 4.05709 1160.84 0 0 0 0.259449 0.37596 0.227064
421000 burn_in 1175.05 1.72066 1173.33 0 0 0 0.259449 0.375637 0.227122
422000 burn_in 1169.18 1.51076 1167.67 0 0 0 0.259449 0.375325 0.227198
423000 burn_in 1163.36 4.06252 1159.3 0 0 0 0.259449 0.374967 0.227184
424000 burn_in 1168.44 2.90539 1165.54 0 0 0 0.259449 0.374531 0.227018
425000 burn_in 1164.52 1.2981 1163.22 0 0 0 0.259449 0.374144 0.226942
426000 burn_in 1171.44 1.14411 1170.3 0 0 0 0.259449 0.37381 0.226965
427000 burn_in 1170.64 2.80236 1167.83 0 0 0 0.259449 0.373496 0.227022
428000 burn_in 1164.57 3.38861 1161.19 0 0 0 0.259449 0.373168 0.227048
429000 burn_in 1168.56 9.41312 1159.14 0 0 0 0.259449 0.3729 0.227183
430000 burn_in 1168.8 8.91046 1159.89 0 0 0 0.259449 0.372544 0.227152
431000 burn_in 1168.82 3.03185 1165.79 0 0 0 0.259449 0.372227 0.22719
432000 burn_in 1167.24 2.14509 1165.09 0 0 0 0.259449 0.371854 0.227121
433000 burn_in 1169.48 5.23352 1164.24 0 0 0 0.259449 0.37155 0.227176
434000 burn_in 1168.7 4.02373 1164.68 0 0 0 0.259449 0.371154 0.22706
435000 burn_in 1168.96 1.52945 1167.43 0 0 0 0.259449 0.370789 0.226996
436000 burn_in 1165.47 6.53111 1158.94 0 0 0 0.259449 0.370424 0.226932
437000 burn_in 1167.04 5.21111 1161.83 0 0 0 0.259449 0.370101 0.226941
438000 burn_in 1165.54 2.58382 1162.96 0 0 0 0.259449 0.369817 0.227021
439000 burn_in 1166.56 2.05336 1164.5 0 0 0 0.259449 0.369508 0.22705
440000 burn_in 1169.74 4.17431 1165.57 0 0 0 0.259449 0.369211 0.2271
441000 burn_in 1167.61 4.20444 1163.41 0 0 0 0.259449 0.368796 0.226929
442000 burn_in 1165.11 5.9807 1159.13 0 0 0 0.259449 0.368419 0.226826
443000 burn_in 1165.84 5.87936 1159.96 0 0 0 0.259449 0.368097 0.226823
444000 burn_in 1163.58 5.88156 1157.7 0 0 0 0.259449 0.367795 0.226852
445000 burn_in 1167.32 1.08319 1166.24 0 0 0 0.259449 0.367476 0.226849
446000 burn_in 1165 3.09121 1161.9 0 0 0 0.259449 0.367186 0.226894
447000 burn_in 1164.41 1.70576 1162.71 0 0 0 0.259449 0.366908 0.22696
448000 burn_in 1167.43 0.774235 1166.66 0 0 0 0.259449 0.366605 0.226976
449000 burn_in 1167.99 8.31549 1158.32 1.35626 0 0 0.259449 0.366294 0.226976
450000 burn_in 1167.1 2.0299 1165.07 0 0 0 0.259449 0.365944 0.226904
451000 burn_in 1168.69 5.21057 1163.48 0 0 0 0.259449 0.365574 0.226793
452000 burn_in 1167.21 5.67471 1161.53 0 0 0 0.259449 0.365265 0.22679
453000 burn_in 1170.02 4.35088 1165.67 0 0 0 0.259449 0.364949 0.226771
454000 burn_in 1163.41 1.22892 1162.18 0 0 0 0.259449 0.36461 0.226709
455000 burn_in 1163.61 1.08589 1162.52 0 0 0 0.259449 0.364303 0.226702
456000 burn_in 1168.46 0.966886 1167.49 0 0 0 0.259449 0.36393 0.226574
457000 burn_in 1168.13 3.90877 1164.23 0 0 0 0.259449 0.363672 0.22665
458000 burn_in 1168.47 2.13149 1166.34 0 0 0 0.259449 0.363454 0.226795
459000 burn_in 1168.18 5.20974 1162.97 0 0 0 0.259449 0.363179 0.226834
460000 burn_in 1172.32 5.13388 1167.19 0 0 0 0.259449 0.362883 0.226835
461000 burn_in 1164.49 3.80179 1160.69 0 0 0 0.259449 0.362633 0.226916
462000 burn_in 1164.75 1.39208 1163.36 0 0 0 0.259449 0.362249 0.226756
463000 burn_in 1165.79 8.30261 1157.48 0 0 0 0.259449 0.361935 0.226719
464000 burn_in 1163.97 3.54792 1160.43 0 0 0 0.259449 0.361649 0.226727
465000 burn_in 1166.49 8.31901 1158.17 0 0 0 0.259449 0.361299 0.226623
466000 burn_in 1164.57 2.87105 1161.7 0 0 0 0.259449 0.361 0.226605
467000 burn_in 1164.01 3.56625 1160.44 0 0 0 0.259449 0.360747 0.226667
468000 burn_in 1168.22 1.20531 1167.02 0 0 0 0.259449 0.360485 0.226709
469000 burn_in 1163.39 5.42324 1157.96 0 0 0 0.259449 0.360141 0.226606
470000 burn_in 1167.27 2.53574 1164.74 0 0 0 0.259449 0.359843 0.226581
471000 burn_in 1170.96 0.908857 1170.05 0 0 0 0.259449 0.359631 0.226705
472000 burn_in 1168.53 1.7761 1166.76 0 0 0 0.259449 0.359434 0.226853
473000 burn_in 1167.24 1.20808 1166.03 0 0 0 0.259449 0.35907 0.226707
474000 burn_in 1172.06 0.581443 1171.48 0 0 0 0.259449 0.358757 0.22665
475000 burn_in 1164.12 2.4522 1161.67 0 0 0 0.259449 0.358501 0.226687
476000 burn_in 1171.34 2.4541 1168.88 0 0 0 0.259449 0.358275 0.226775
477000 burn_in 1168.28 2.68195 1163.91 1.68519 0 0 0.259449 0.357872 0.226556
478000 burn_in 1165.38 5.18602 1160.19 0 0 0 0.259449 0.357556 0.226486
479000 burn_in 1169.21 1.9791 1167.23 0 0 0 0.259449 0.357303 0.22652
480000 burn_in 1167.23 1.9072 1165.33 0 0 0 0.259449 0.357085 0.226614
481000 burn_in 1164.68 3.10084 1161.58 0 0 0 0.259449 0.356767 0.226534
482000 burn_in 1169.14 3.12191 1166.02 0 0 0 0.259449 0.356527 0.226585
483000 burn_in 1169.29 1.54896 1167.74 0 0 0 0.259449 0.356232 0.226541
484000 burn_in 1168.56 2.03661 1166.53 0 0 0 0.259449 0.355942 0.226504
485000 burn_in 1165.86 1.24279 1164.62 0 0 0 0.259449 0.355742 0.226618
486000 burn_in 1167.05 2.75601 1164.29 0 0 0 0.259449 0.355438 0.226552
487000 burn_in 1163.54 2.87121 1160.67 0 0 0 0.259449 0.355189 0.226578
488000 burn_in 1168.7 4.08983 1164.61 0 0 0 0.259449 0.354914 0.226559
489000 burn_in 1171.05 1.96273 1169.09 0 0 0 0.259449 0.354656 0.226567
490000 burn_in 1166.85 2.06016 1164.79 0 0 0 0.259449 0.35441 0.226593
491000 burn_in 1170.59 3.19093 1167.4 0 0 0 0.259449 0.354134 0.226567
492000 burn_in 1171.49 7.18885 1164.3 0 0 0 0.259449 0.353821 0.226476
493000 burn_in 1166.49 6.84951 1159.64 0 0 0 0.259449 0.353517 0.226399
494000 burn_in 1170.88 4.40028 1166.48 0 0 0 0.259449 0.353243 0.226371
495000 burn_in 1169.44 2.92697 1166.52 0 0 0 0.259449 0.352962 0.226329
496000 burn_in 1170.24 4.38386 1165.85 0 0 0 0.259449 0.352726 0.226361
497000 burn_in 1169.04 1.55814 1167.48 0 0 0 0.259449 0.352471 0.22636
498000 burn_in 1168.65 2.43442 1164.93 1.28427 0 0 0.259449 0.352237 0.226393
499000 burn_in 1165.84 1.56787 1164.27 0 0 0 0.259449 0.351954 0.226341
500000 burn_in 1164.02 2.10875 1161.91 0 0 0 0.259449 0.351704 0.226343
501000 burn_in 1165.09 3.61008 1161.48 0 0 0 0.244686 0.351519 0.259
502000 burn_in 1163.73 3.11636 1160.61 0 0 0 0.244686 0.351305 0.2515
503000 burn_in 1169.9 2.28923 1167.62 0 0 0 0.244686 0.351145 0.258
504000 burn_in 1164.88 2.57423 1162.31 0 0 0 0.244686 0.351002 0.26325
