*mcmc_objective[MCMCObjective]
starting_covariance_matrix {matrix}
parameter_transformation[logRecruitment].log_parameter selectivity[TransitionMale].a50 selectivity[TransitionMale].ato95 age_length[AgeLength].Linf age_length[AgeLength].k time_varying[M_time_var_Male].values{1994} time_varying[M_time_var_Male].values{2015} time_varying[M_time_var_Primi].values{1994} time_varying[M_time_var_Primi].values{2015} catchability[SurveyqM].q selectivity[SurveyMale].a50 selectivity[SurveyMale].ato95 selectivity[FishingMale].a50 selectivity[FishingMale].ato95 selectivity[FishingPrimiFemale].alpha selectivity[FishingMultiFemale].alpha
0.00299014 0.000454285 5.22416e-05 -0.00027609 1.51618e-05 -1.30728e-05 0.000460157 0.00222166 0.00192664 -0.0016572 0.00727839 0.0088569 -0.00135725 -0.00147772 0.000225721 -0.000261307
0.000454285 0.0529382 0.000565018 -0.00356511 -0.000352719 -0.000305752 -0.000691613 0.0035296 0.00172793 0.00292883 0.0499409 0.0368569 -0.0148673 -0.0122216 0.0049265 -0.00195206
5.22416e-05 0.000565018 0.0039 0.00225836 -0.000152187 0.000896016 0.000183957 -0.00227467 -0.000251442 -0.000351286 -0.000949341 -0.00167196 0.00600759 0.00550016 -0.000340752 -0.000844313
-0.00027609 -0.00356511 0.00225836 0.0923264 -0.00380428 -0.000808281 -0.00154688 -0.000213065 -0.00206589 0.00129979 -0.0335971 -0.023567 0.018461 0.0218297 -0.00345876 0.00433449
1.51618e-05 -0.000352719 -0.000152187 -0.00380428 0.000244928 3.25132e-05 7.62028e-05 1.43914e-05 8.26164e-05 -6.83311e-05 0.00163804 0.00147436 -0.000870136 -0.00119891 0.000146114 -0.000167025
-1.30728e-05 -0.000305752 0.000896016 -0.000808281 3.25132e-05 0.00113704 0.000126923 -0.00251204 -0.000385435 -0.000136267 -0.00138108 -0.00140819 0.00442629 0.0039173 -0.000254932 -0.00101676
0.000460157 -0.000691613 0.000183957 -0.00154688 7.62028e-05 0.000126923 0.000605034 -0.000273837 0.000146867 -0.000637629 0.000675619 0.000178528 0.00123615 0.00116555 -0.000150583 6.21684e-05
0.00222166 0.0035296 -0.00227467 -0.000213065 1.43914e-05 -0.00251204 -0.000273837 0.00867154 0.00232515 -0.000337773 0.0107852 0.0120274 -0.0135989 -0.0127868 0.000933528 0.00212387
0.00192664 0.00172793 -0.000251442 -0.00206589 8.26164e-05 -0.000385435 0.000146867 0.00232515 0.0020364 -0.00110548 0.00793026 0.00795062 -0.00265839 -0.00254666 0.000639613 0.000318226
-0.0016572 0.00292883 -0.000351286 0.00129979 -6.83311e-05 -0.000136267 -0.000637629 -0.000337773 -0.00110548 0.00298928 0.00572675 0.00797365 -0.0028581 -0.00202686 -0.000158449 0.000505286
0.00727839 0.0499409 -0.000949341 -0.0335971 0.00163804 -0.00138108 0.000675619 0.0107852 0.00793026 0.00572675 0.193985 0.195196 -0.0280441 -0.0242577 0.00445992 -0.000341932
0.0088569 0.0368569 -0.00167196 -0.023567 0.00147436 -0.00140819 0.000178528 0.0120274 0.00795062 0.00797365 0.195196 0.356003 -0.0234195 -0.0221542 0.00525781 0.00617258
-0.00135725 -0.0148673 0.00600759 0.018461 -0.000870136 0.00442629 0.00123615 -0.0135989 -0.00265839 -0.0028581 -0.0280441 -0.0234195 0.150164 0.0834462 -0.0104423 -0.00319228
-0.00147772 -0.0122216 0.00550016 0.0218297 -0.00119891 0.0039173 0.00116555 -0.0127868 -0.00254666 -0.00202686 -0.0242577 -0.0221542 0.0834462 0.087816 -0.00312511 0.000706747
0.000225721 0.0049265 -0.000340752 -0.00345876 0.000146114 -0.000254932 -0.000150583 0.000933528 0.000639613 -0.000158449 0.00445992 0.00525781 -0.0104423 -0.00312511 0.0149985 -0.000375951
-0.000261307 -0.00195206 -0.000844313 0.00433449 -0.000167025 -0.00101676 6.21684e-05 0.00212387 0.000318226 0.000505286 -0.000341932 0.00617258 -0.00319228 0.000706747 -0.000375951 0.0133397
samples {dataframe}
sample state objective_score prior likelihood penalties additional_priors jacobians step_size acceptance_rate acceptance_rate_since_adapt
1 initialisation 1167.22 0.915907 1166.3 0 0 0 0.02 0 0
1000 burn_in 1170.25 1.40112 1168.85 0 0 0 0.02 0.889 0.889
2000 burn_in 1167 7.79373 1159.21 0 0 0 0.02 0.8905 0.8905
3000 burn_in 1166.77 8.04312 1158.73 0 0 0 0.02 0.884 0.884
4000 burn_in 1170.5 4.48788 1166.01 0 0 0 0.02 0.88725 0.88725
5000 burn_in 1169.88 5.53487 1164.35 0 0 0 0.02 0.8908 0.8908
6000 burn_in 1168.94 5.95924 1162.99 0 0 0 0.02 0.889167 0.889167
7000 burn_in 1166.6 5.53743 1161.06 0 0 0 0.02 0.884143 0.884143
8000 burn_in 1168.06 5.36038 1162.7 0 0 0 0.02 0.88425 0.88425
9000 burn_in 1171.38 1.18434 1170.19 0 0 0 0.02 0.884444 0.884444
10000 burn_in 1171.32 2.6234 1168.7 0 0 0 0.02 0.8849 0.8849
11000 burn_in 1168.28 4.40962 1163.87 0 0 0 0.02 0.886727 0.886727
12000 burn_in 1168.02 2.43171 1165.58 0 0 0 0.02 0.887583 0.887583
13000 burn_in 1169.31 7.35187 1161.96 0 0 0 0.02 0.886 0.886
14000 burn_in 1170.77 8.71409 1162.05 0 0 0 0.02 0.886429 0.886429
15000 burn_in 1168.95 5.04381 1163.91 0 0 0 0.02 0.885333 0.885333
16000 burn_in 1166.41 3.213 1163.2 0 0 0 0.02 0.884563 0.884563
17000 burn_in 1168.61 1.77895 1166.83 0 0 0 0.02 0.885529 0.885529
18000 burn_in 1173.76 1.02265 1172.74 0 0 0 0.02 0.887056 0.887056
19000 burn_in 1166.7 2.76113 1163.94 0 0 0 0.02 0.888263 0.888263
20000 burn_in 1169.55 2.06652 1167.48 0 0 0 0.02 0.88975 0.88975
21000 burn_in 1172.78 1.40109 1171.38 0 0 0 0.02 0.889905 0.889905
22000 burn_in 1177.14 4.24292 1172.9 0 0 0 0.02 0.890682 0.890682
23000 burn_in 1175.11 3.8013 1171.31 0 0 0 0.02 0.891261 0.891261
24000 burn_in 1166.99 2.86063 1164.13 0 0 0 0.02 0.891667 0.891667
25000 burn_in 1169.14 4.48979 1164.66 0 0 0 0.02 0.89168 0.89168
26000 burn_in 1169.46 3.39611 1166.07 0 0 0 0.02 0.891615 0.891615
27000 burn_in 1167.72 2.3215 1165.4 0 0 0 0.02 0.890741 0.890741
28000 burn_in 1168.05 3.0456 1165 0 0 0 0.02 0.8905 0.8905
29000 burn_in 1168.89 2.83905 1166.05 0 0 0 0.02 0.890483 0.890483
30000 burn_in 1165.07 5.48068 1159.59 0 0 0 0.02 0.890967 0.890967
31000 burn_in 1168.6 2.8297 1165.77 0 0 0 0.02 0.89071 0.89071
32000 burn_in 1172.43 2.1174 1170.31 0 0 0 0.02 0.8905 0.8905
33000 burn_in 1173.52 1.07881 1172.44 0 0 0 0.02 0.890424 0.890424
34000 burn_in 1175.92 1.00115 1174.92 0 0 0 0.02 0.890118 0.890118
35000 burn_in 1166.43 1.23657 1165.19 0 0 0 0.02 0.889857 0.889857
36000 burn_in 1174.4 6.39891 1168 0 0 0 0.02 0.889222 0.889222
37000 burn_in 1168.96 1.19141 1167.77 0 0 0 0.02 0.889541 0.889541
38000 burn_in 1169.31 2.12352 1167.19 0 0 0 0.02 0.889553 0.889553
39000 burn_in 1169.46 5.00272 1164.46 0 0 0 0.02 0.889231 0.889231
40000 burn_in 1168.51 2.36597 1166.14 0 0 0 0.02 0.8893 0.8893
41000 burn_in 1171.75 4.0695 1167.68 0 0 0 0.02 0.889415 0.889415
42000 burn_in 1168.38 1.3126 1167.07 0 0 0 0.02 0.88881 0.88881
43000 burn_in 1171.63 2.27237 1169.36 0 0 0 0.02 0.887814 0.887814
44000 burn_in 1165.86 3.11612 1162.74 0 0 0 0.02 0.887386 0.887386
45000 burn_in 1164.45 5.91156 1158.54 0 0 0 0.02 0.8874 0.8874
46000 burn_in 1166.46 3.48825 1162.97 0 0 0 0.02 0.887174 0.887174
47000 burn_in 1170.95 2.04549 1168.9 0 0 0 0.02 0.887149 0.887149
48000 burn_in 1165.79 0.533417 1165.25 0 0 0 0.02 0.886917 0.886917
49000 burn_in 1170.26 1.26043 1169 0 0 0 0.02 0.886714 0.886714
50000 burn_in 1164.18 3.55852 1160.62 0 0 0 0.02 0.88692 0.88692
51000 burn_in 1166.68 2.85245 1163.83 0 0 0 0.07391 0.882608 0.667
52000 burn_in 1170.39 2.10557 1168.29 0 0 0 0.07391 0.878135 0.6585
53000 burn_in 1165.39 4.03263 1161.36 0 0 0 0.07391 0.874377 0.665333
54000 burn_in 1168.6 4.51387 1164.09 0 0 0 0.07391 0.870111 0.66
55000 burn_in 1167.04 0.806711 1166.23 0 0 0 0.07391 0.865764 0.6542
56000 burn_in 1170.09 1.73438 1168.36 0 0 0 0.07391 0.862196 0.656167
57000 burn_in 1164.5 1.6016 1162.89 0 0 0 0.07391 0.858105 0.652286
58000 burn_in 1164.98 4.10597 1160.87 0 0 0 0.07391 0.854983 0.655375
59000 burn_in 1166.11 1.62762 1164.48 0 0 0 0.07391 0.851898 0.657333
60000 burn_in 1168.31 8.46467 1159.84 0 0 0 0.07391 0.848517 0.6565
61000 burn_in 1167.49 3.23994 1164.25 0 0 0 0.07391 0.845164 0.655364
62000 burn_in 1163.97 2.92884 1161.04 0 0 0 0.07391 0.842016 0.654917
63000 burn_in 1165.65 4.42628 1161.23 0 0 0 0.07391 0.838746 0.653462
64000 burn_in 1167.38 5.59989 1161.78 0 0 0 0.07391 0.835 0.649571
65000 burn_in 1171.41 1.43848 1169.98 0 0 0 0.07391 0.831677 0.647533
66000 burn_in 1170.31 4.00062 1166.31 0 0 0 0.07391 0.829091 0.648375
67000 burn_in 1166.39 3.6471 1162.74 0 0 0 0.07391 0.826313 0.648059
68000 burn_in 1165.27 6.20104 1159.07 0 0 0 0.07391 0.822794 0.644667
69000 burn_in 1168.73 7.1509 1161.58 0 0 0 0.07391 0.819406 0.641737
70000 burn_in 1167.39 5.17629 1162.22 0 0 0 0.07391 0.816857 0.6417
71000 burn_in 1168.27 5.14055 1163.13 0 0 0 0.07391 0.81407 0.640619
72000 burn_in 1167.44 3.33495 1164.11 0 0 0 0.07391 0.811014 0.6385
73000 burn_in 1164.34 2.51798 1161.82 0 0 0 0.07391 0.808575 0.638261
74000 burn_in 1164.12 7.02613 1157.09 0 0 0 0.07391 0.806041 0.637542
75000 burn_in 1161.28 3.54036 1157.74 0 0 0 0.07391 0.80384 0.63768
76000 burn_in 1164.42 2.24392 1162.17 0 0 0 0.07391 0.801789 0.638077
77000 burn_in 1168.51 3.04617 1165.46 0 0 0 0.07391 0.799766 0.63837
78000 burn_in 1166.9 2.99489 1163.91 0 0 0 0.07391 0.797821 0.638714
79000 burn_in 1169.03 6.71247 1162.32 0 0 0 0.07391 0.796089 0.639483
80000 burn_in 1165.49 5.19656 1160.3 0 0 0 0.07391 0.794462 0.640367
81000 burn_in 1169.35 4.60593 1164.75 0 0 0 0.07391 0.792247 0.639548
82000 burn_in 1165.92 3.59215 1162.33 0 0 0 0.07391 0.79072 0.640406
83000 burn_in 1173.87 10.41 1163.46 0 0 0 0.07391 0.789012 0.640667
84000 burn_in 1172.02 0.668209 1171.35 0 0 0 0.07391 0.786845 0.639676
85000 burn_in 1165.75 2.63071 1163.12 0 0 0 0.07391 0.785212 0.639914
86000 burn_in 1172.75 6.53712 1166.21 0 0 0 0.07391 0.783686 0.640306
87000 burn_in 1166.16 2.5436 1163.61 0 0 0 0.07391 0.781885 0.639946
88000 burn_in 1163.95 2.2984 1161.66 0 0 0 0.07391 0.780352 0.640132
89000 burn_in 1166.07 1.34248 1164.73 0 0 0 0.07391 0.778753 0.640077
90000 burn_in 1164.83 2.12641 1162.71 0 0 0 0.07391 0.777156 0.63995
91000 burn_in 1165.06 1.08939 1163.97 0 0 0 0.07391 0.775198 0.638951
92000 burn_in 1169.34 1.78694 1167.55 0 0 0 0.07391 0.773848 0.639238
93000 burn_in 1170.57 5.9519 1164.62 0 0 0 0.07391 0.772538 0.639535
94000 burn_in 1170.6 3.7847 1166.82 0 0 0 0.07391 0.771074 0.639432
95000 burn_in 1166.94 6.37938 1160.56 0 0 0 0.07391 0.7698 0.639667
96000 burn_in 1164.33 1.81308 1162.52 0 0 0 0.07391 0.76851 0.639804
97000 burn_in 1165.66 4.11474 1161.55 0 0 0 0.07391 0.767258 0.639957
98000 burn_in 1167.33 9.78453 1157.55 0 0 0 0.07391 0.76602 0.640083
99000 burn_in 1170.88 5.51846 1165.36 0 0 0 0.07391 0.764374 0.639327
100000 burn_in 1166.68 1.85026 1164.83 0 0 0 0.07391 0.7629 0.63888
101000 burn_in 1167.7 1.32347 1166.38 0 0 0 0.196748 0.758713 0.34
102000 burn_in 1164.49 3.94309 1160.54 0 0 0 0.196748 0.754412 0.33
103000 burn_in 1167.72 2.44529 1165.27 0 0 0 0.196748 0.750049 0.321667
104000 burn_in 1166.95 4.26471 1162.69 0 0 0 0.196748 0.746038 0.3245
105000 burn_in 1166.15 8.20734 1157.95 0 0 0 0.196748 0.741962 0.3232
106000 burn_in 1169.99 5.63826 1164.35 0 0 0 0.196748 0.737877 0.320833
107000 burn_in 1172 7.30471 1164.7 0 0 0 0.196748 0.733944 0.320286
108000 burn_in 1166.53 2.64397 1163.89 0 0 0 0.196748 0.730167 0.321
109000 burn_in 1172.36 5.66335 1166.7 0 0 0 0.196748 0.726624 0.323556
110000 burn_in 1167.88 1.01449 1166.87 0 0 0 0.196748 0.723164 0.3258
111000 burn_in 1162.9 2.33441 1160.56 0 0 0 0.196748 0.719694 0.326909
112000 burn_in 1167.81 5.2583 1162.55 0 0 0 0.196748 0.716098 0.326083
113000 burn_in 1170.47 1.45736 1169.02 0 0 0 0.196748 0.712425 0.324154
114000 burn_in 1165.81 4.65143 1161.16 0 0 0 0.196748 0.708772 0.322143
115000 burn_in 1167.21 1.85522 1165.35 0 0 0 0.196748 0.705252 0.320933
116000 burn_in 1161.64 2.84381 1158.8 0 0 0 0.196748 0.702095 0.322062
117000 burn_in 1162.67 2.08414 1160.59 0 0 0 0.196748 0.69888 0.322294
118000 burn_in 1164.14 1.25483 1162.88 0 0 0 0.196748 0.695771 0.322833
119000 burn_in 1167.94 4.4665 1163.47 0 0 0 0.196748 0.692748 0.323526
120000 burn_in 1171.53 6.93474 1164.59 0 0 0 0.196748 0.689442 0.32215
121000 burn_in 1167.48 3.48022 1164 0 0 0 0.196748 0.686198 0.320952
122000 burn_in 1167.02 1.42383 1165.6 0 0 0 0.196748 0.683041 0.320045
123000 burn_in 1172.26 2.42335 1169.84 0 0 0 0.196748 0.680057 0.31987
124000 burn_in 1166.43 3.87656 1162.55 0 0 0 0.196748 0.677081 0.3195
125000 burn_in 1170.54 2.15195 1168.39 0 0 0 0.196748 0.674144 0.31912
126000 burn_in 1163.87 5.56611 1158.3 0 0 0 0.196748 0.671246 0.318731
127000 burn_in 1166.03 2.05406 1163.97 0 0 0 0.196748 0.668583 0.319259
128000 burn_in 1166.69 1.79725 1164.89 0 0 0 0.196748 0.66568 0.318464
129000 burn_in 1165.93 3.61719 1162.32 0 0 0 0.196748 0.662946 0.318276
130000 burn_in 1173.84 5.12211 1168.72 0 0 0 0.196748 0.660254 0.3181
131000 burn_in 1165.98 0.985772 1164.99 0 0 0 0.196748 0.657756 0.318581
132000 burn_in 1164.58 6.29982 1158.28 0 0 0 0.196748 0.655121 0.318312
133000 burn_in 1162.82 2.14703 1160.67 0 0 0 0.196748 0.652556 0.318182
134000 burn_in 1166.97 3.85788 1163.11 0 0 0 0.196748 0.649985 0.317882
135000 burn_in 1163.66 3.63504 1160.03 0 0 0 0.196748 0.647496 0.317771
136000 burn_in 1167.57 3.75384 1163.73 0.0866707 0 0 0.196748 0.645088 0.317833
137000 burn_in 1166.72 1.72803 1165 0 0 0 0.196748 0.642686 0.317784
138000 burn_in 1165.58 2.38344 1163.2 0 0 0 0.196748 0.640391 0.318
139000 burn_in 1169.84 3.99436 1165.84 0 0 0 0.196748 0.638014 0.317795
140000 burn_in 1164.57 3.3592 1161.21 0 0 0 0.196748 0.635807 0.318075
141000 burn_in 1165.58 2.11646 1163.46 0 0 0 0.196748 0.633489 0.317854
142000 burn_in 1171.07 6.80455 1164.26 0 0 0 0.196748 0.631 0.316952
143000 burn_in 1163.45 2.89039 1160.56 0 0 0 0.196748 0.628839 0.31707
144000 burn_in 1164.4 3.37071 1161.03 0 0 0 0.196748 0.626743 0.317295
145000 burn_in 1164.96 2.6349 1162.32 0 0 0 0.196748 0.624345 0.316444
146000 burn_in 1166.68 2.14757 1164.53 0 0 0 0.196748 0.622295 0.31663
147000 burn_in 1169.63 2.40612 1167.23 0 0 0 0.196748 0.62034 0.317021
148000 burn_in 1166.25 6.65341 1159.6 0 0 0 0.196748 0.618392 0.317333
149000 burn_in 1167.71 4.63826 1163.07 0 0 0 0.196748 0.616477 0.317653
150000 burn_in 1167.32 8.10583 1159.21 0 0 0 0.196748 0.614573 0.31792
151000 burn_in 1169.15 2.26379 1166.88 0 0 0 0.196748 0.612861 0.318667
152000 burn_in 1164.95 4.22834 1160.72 0 0 0 0.196748 0.61077 0.318212
153000 burn_in 1168.53 1.39306 1167.14 0 0 0 0.196748 0.608673 0.317679
154000 burn_in 1172.89 1.87738 1171.01 0 0 0 0.196748 0.606896 0.318
155000 burn_in 1172.97 2.27996 1170.69 0 0 0 0.196748 0.60489 0.3176
156000 burn_in 1173.61 3.36162 1169.94 0.311805 0 0 0.196748 0.602994 0.317446
157000 burn_in 1166.82 1.63813 1165.18 0 0 0 0.196748 0.600955 0.316842
158000 burn_in 1171.97 2.73526 1169.23 0 0 0 0.196748 0.599152 0.316828
159000 burn_in 1168.52 1.19548 1167.32 0 0 0 0.196748 0.597365 0.316797
160000 burn_in 1167.4 1.66023 1165.74 0 0 0 0.196748 0.595812 0.317333
161000 burn_in 1163.65 1.29291 1162.35 0 0 0 0.196748 0.594124 0.317443
162000 burn_in 1166.55 2.34901 1164.2 0 0 0 0.196748 0.592451 0.317532
163000 burn_in 1170.04 3.85292 1166.19 0 0 0 0.196748 0.591018 0.31819
164000 burn_in 1165.6 2.10953 1163.49 0 0 0 0.196748 0.5895 0.318563
165000 burn_in 1167.73 2.24019 1165.49 0 0 0 0.196748 0.5878 0.318415
166000 burn_in 1166.57 1.96916 1164.6 0 0 0 0.196748 0.586145 0.318333
167000 burn_in 1163.37 3.13393 1160.24 0 0 0 0.196748 0.584581 0.318433
168000 burn_in 1167.32 4.46208 1162.86 0 0 0 0.196748 0.583101 0.318691
169000 burn_in 1169.36 2.04537 1167.32 0 0 0 0.196748 0.581645 0.318957
170000 burn_in 1165.71 1.61477 1164.09 0 0 0 0.196748 0.580006 0.318729
171000 burn_in 1165.54 1.79399 1163.74 0 0 0 0.196748 0.578585 0.318986
172000 burn_in 1168.66 3.05406 1165.6 0 0 0 0.196748 0.577093 0.319028
173000 burn_in 1168.41 2.48528 1165.93 0 0 0 0.196748 0.575659 0.319164
174000 burn_in 1167.4 1.29693 1166.1 0 0 0 0.196748 0.574356 0.319568
175000 burn_in 1164.41 2.66072 1161.74 0 0 0 0.196748 0.572851 0.319453
176000 burn_in 1162.76 2.85035 1159.91 0 0 0 0.196748 0.571528 0.319724
177000 burn_in 1165.85 1.07053 1164.77 0 0 0 0.196748 0.570164 0.319857
178000 burn_in 1166.9 1.36977 1165.53 0 0 0 0.196748 0.568848 0.320064
179000 burn_in 1165.14 1.45113 1163.69 0 0 0 0.196748 0.567458 0.320063
180000 burn_in 1169.56 3.58172 1165.98 0 0 0 0.196748 0.5661 0.3201
181000 burn_in 1168.43 1.17376 1167.25 0 0 0 0.196748 0.564696 0.32
182000 burn_in 1169.46 4.26116 1165.2 0 0 0 0.196748 0.563412 0.320134
183000 burn_in 1167.67 6.39376 1161.27 0 0 0 0.196748 0.562104 0.320181
184000 burn_in 1177.88 1.40856 1176.47 0 0 0 0.196748 0.56069 0.319964
185000 burn_in 1164.45 1.82734 1162.62 0 0 0 0.196748 0.559422 0.320035
186000 burn_in 1173.62 4.45834 1169.16 0 0 0 0.196748 0.557871 0.319465
187000 burn_in 1169.1 2.03087 1167.07 0 0 0 0.196748 0.556476 0.319207
188000 burn_in 1162.95 1.36118 1161.58 0 0 0 0.196748 0.555154 0.31908
189000 burn_in 1167.15 3.98301 1162.53 0.637347 0 0 0.196748 0.553942 0.319157
190000 burn_in 1166.86 1.51669 1165.34 0 0 0 0.196748 0.552742 0.319233
191000 burn_in 1166.08 4.89032 1161.19 0 0 0 0.196748 0.551429 0.319044
192000 burn_in 1164.44 3.49594 1160.94 0 0 0 0.196748 0.55038 0.31938
193000 burn_in 1172.17 3.82582 1168.34 0 0 0 0.196748 0.549233 0.319484
194000 burn_in 1164.84 3.13577 1161.7 0 0 0 0.196748 0.547954 0.319287
195000 burn_in 1166.38 3.45145 1162.92 0 0 0 0.196748 0.546738 0.3192
196000 burn_in 1168.09 5.57746 1162.52 0 0 0 0.196748 0.545551 0.319146
197000 burn_in 1164.22 4.32213 1159.89 0 0 0 0.196748 0.544553 0.319454
198000 burn_in 1162.83 2.13603 1160.7 0 0 0 0.196748 0.543404 0.319429
199000 burn_in 1168.42 3.39419 1165.03 0 0 0 0.196748 0.542367 0.319606
200000 burn_in 1166.88 2.91757 1163.96 0 0 0 0.196748 0.5413 0.3197
201000 burn_in 1172.5 5.12863 1167.37 0 0 0 0.262085 0.539652 0.21
202000 burn_in 1171.98 4.89265 1167.09 0 0 0 0.262085 0.538109 0.219
203000 burn_in 1168.52 1.1734 1167.34 0 0 0 0.262085 0.53669 0.229333
204000 burn_in 1166.74 1.63022 1165.11 0 0 0 0.262085 0.535123 0.22625
205000 burn_in 1167.53 4.03399 1163.5 0 0 0 0.262085 0.533732 0.231
206000 burn_in 1165.82 6.00909 1159.81 0 0 0 0.262085 0.532248 0.2305
207000 burn_in 1170.82 2.06476 1168.76 0 0 0 0.262085 0.530879 0.233143
208000 burn_in 1166.08 2.60042 1163.48 0 0 0 0.262085 0.529563 0.236125
209000 burn_in 1167.88 3.16887 1164.71 0 0 0 0.262085 0.527995 0.232333
210000 burn_in 1166.63 6.55635 1160.07 0 0 0 0.262085 0.526486 0.2302
211000 burn_in 1168.59 1.53129 1167.06 0 0 0 0.262085 0.525033 0.229273
212000 burn_in 1168.62 2.60732 1166.01 0 0 0 0.262085 0.523651 0.2295
213000 burn_in 1165.81 1.19527 1164.62 0 0 0 0.262085 0.522197 0.228308
214000 burn_in 1166.71 3.1141 1163.6 0 0 0 0.262085 0.520776 0.227571
215000 burn_in 1169.1 1.68713 1167.41 0 0 0 0.262085 0.51926 0.2254
216000 burn_in 1167.84 8.36784 1159.48 0 0 0 0.262085 0.517977 0.226438
217000 burn_in 1168.32 3.48578 1164.84 0 0 0 0.262085 0.516581 0.225765
218000 burn_in 1165.6 2.78181 1162.82 0 0 0 0.262085 0.515202 0.225222
219000 burn_in 1165.92 3.63481 1162.29 0 0 0 0.262085 0.513932 0.225842
220000 burn_in 1168.65 2.85612 1165.79 0 0 0 0.262085 0.512586 0.22545
221000 burn_in 1162.45 2.63589 1159.82 0 0 0 0.262085 0.511303 0.225619
222000 burn_in 1163.79 3.23286 1160.55 0 0 0 0.262085 0.510095 0.226409
223000 burn_in 1169.29 1.57064 1167.72 0 0 0 0.262085 0.508888 0.227043
224000 burn_in 1167.16 2.33549 1164.83 0 0 0 0.262085 0.507687 0.227583
225000 burn_in 1163.49 3.3753 1160.11 0 0 0 0.262085 0.506222 0.2256
226000 burn_in 1163.33 1.48714 1161.84 0 0 0 0.262085 0.504907 0.224962
227000 burn_in 1162.6 3.46645 1159.13 0 0 0 0.262085 0.503705 0.225222
228000 burn_in 1163.84 2.53747 1161.3 0 0 0 0.262085 0.502395 0.2245
229000 burn_in 1168.09 5.41182 1162.68 0 0 0 0.262085 0.501249 0.225034
230000 burn_in 1167.12 4.44301 1162.09 0.585098 0 0 0.262085 0.499943 0.224233
231000 burn_in 1167.23 2.97242 1164.25 0 0 0 0.262085 0.498784 0.224484
232000 burn_in 1168.21 5.19595 1163.01 0 0 0 0.262085 0.497569 0.22425
233000 burn_in 1165.13 1.33374 1163.8 0 0 0 0.262085 0.496318 0.223697
234000 burn_in 1167.1 2.44707 1164.65 0 0 0 0.262085 0.495115 0.223441
235000 burn_in 1170.66 3.5612 1167.1 0 0 0 0.262085 0.494111 0.224457
236000 burn_in 1162.39 2.37828 1160.02 0 0 0 0.262085 0.493072 0.225139
237000 burn_in 1165.79 5.69186 1160.1 0 0 0 0.262085 0.492017 0.225622
238000 burn_in 1164.16 5.41863 1158.74 0 0 0 0.262085 0.490912 0.225711
239000 burn_in 1170 2.06884 1167.93 0 0 0 0.262085 0.489732 0.225282
240000 burn_in 1167.7 3.10448 1164.6 0 0 0 0.262085 0.488725 0.22585
241000 burn_in 1169.51 1.42727 1168.08 0 0 0 0.262085 0.487722 0.226366
242000 burn_in 1168.8 5.94325 1162.86 0 0 0 0.262085 0.486785 0.22719
243000 burn_in 1163.43 2.11388 1161.31 0 0 0 0.262085 0.485687 0.227023
244000 burn_in 1169.48 4.00171 1165.48 0 0 0 0.262085 0.484496 0.226295
245000 burn_in 1169.81 7.69273 1162.12 0 0 0 0.262085 0.483388 0.226
246000 burn_in 1164.55 4.17927 1160.37 0 0 0 0.262085 0.482321 0.225891
247000 burn_in 1169.24 7.2577 1161.99 0 0 0 0.262085 0.481178 0.22534
248000 burn_in 1163 2.70456 1160.29 0 0 0 0.262085 0.480258 0.225917
249000 burn_in 1165.68 4.81106 1160.87 0 0 0 0.262085 0.479116 0.225306
250000 burn_in 1167.66 6.21396 1161.45 0 0 0 0.262085 0.477984 0.22472
251000 burn_in 1164.25 3.14529 1161.11 0 0 0 0.262085 0.47696 0.224647
252000 burn_in 1167.64 1.9233 1165.72 0 0 0 0.262085 0.475956 0.224635
253000 burn_in 1166.49 1.88362 1164.61 0 0 0 0.262085 0.474964 0.224642
254000 burn_in 1164.02 0.864637 1163.16 0 0 0 0.262085 0.473941 0.224463
255000 burn_in 1169.91 3.9081 1166 0 0 0 0.262085 0.47298 0.224545
256000 burn_in 1165.61 2.19604 1163.41 0 0 0 0.262085 0.471988 0.224446
257000 burn_in 1167.6 4.0946 1163.51 0 0 0 0.262085 0.470875 0.223772
258000 burn_in 1174.09 9.37136 1164.72 0 0 0 0.262085 0.469845 0.223448
259000 burn_in 1166.81 2.79902 1164.01 0 0 0 0.262085 0.468934 0.223627
260000 burn_in 1167.44 4.49138 1162.95 0 0 0 0.262085 0.467965 0.223517
261000 burn_in 1162.21 3.937 1158.27 0 0 0 0.262085 0.467054 0.223623
262000 burn_in 1166.38 4.89589 1161.49 0 0 0 0.262085 0.466195 0.223919
263000 burn_in 1166.98 3.10716 1163.87 0 0 0 0.262085 0.465304 0.224048
264000 burn_in 1164.73 4.85347 1159.88 0 0 0 0.262085 0.464424 0.224188
265000 burn_in 1162.92 2.01454 1160.91 0 0 0 0.262085 0.4634 0.223708
266000 burn_in 1168.29 1.49242 1166.79 0 0 0 0.262085 0.462538 0.223864
267000 burn_in 1168.18 5.65019 1162.53 0 0 0 0.262085 0.461648 0.223881
268000 burn_in 1175.28 2.19496 1173.09 0 0 0 0.262085 0.460881 0.224353
269000 burn_in 1164.24 1.79086 1162.45 0 0 0 0.262085 0.45997 0.224232
270000 burn_in 1168.13 4.32551 1163.8 0 0 0 0.262085 0.45903 0.223971
271000 burn_in 1164.95 2.74323 1162.21 0 0 0 0.262085 0.458129 0.223845
272000 burn_in 1164.05 3.6221 1160.43 0 0 0 0.262085 0.457294 0.223944
273000 burn_in 1171.31 1.47456 1169.84 0 0 0 0.262085 0.456454 0.224
274000 burn_in 1167.7 6.52212 1161.18 0 0 0 0.262085 0.455526 0.223703
275000 burn_in 1166.91 6.49057 1160.42 0 0 0 0.262085 0.454662 0.223627
276000 burn_in 1167.05 3.32481 1163.73 0 0 0 0.262085 0.453917 0.223961
277000 burn_in 1167.72 1.4776 1166.24 0 0 0 0.262085 0.453148 0.224182
278000 burn_in 1164.78 4.72606 1160.06 0 0 0 0.262085 0.452424 0.224538
279000 burn_in 1165.72 2.82842 1162.89 0 0 0 0.262085 0.451616 0.22457
280000 burn_in 1166.39 0.980715 1165.41 0 0 0 0.262085 0.450836 0.224675
281000 burn_in 1166.26 3.50188 1162.76 0 0 0 0.262085 0.450078 0.22484
282000 burn_in 1168.73 3.36022 1165.37 0 0 0 0.262085 0.449298 0.224902
283000 burn_in 1165.82 6.878 1158.94 0 0 0 0.262085 0.448442 0.224687
284000 burn_in 1166.16 1.84542 1164.32 0 0 0 0.262085 0.447525 0.22425
285000 burn_in 1167.72 1.90127 1165.82 0 0 0 0.262085 0.446811 0.224482
286000 burn_in 1167.32 3.18511 1164.14 0 0 0 0.262085 0.445965 0.224256
287000 burn_in 1167.57 3.38444 1164.19 0 0 0 0.262085 0.44524 0.224414
288000 burn_in 1164.11 4.43339 1159.68 0 0 0 0.262085 0.444396 0.224159
289000 burn_in 1167.48 3.99619 1163.49 0 0 0 0.262085 0.443616 0.224101
290000 burn_in 1166.95 2.68976 1164.26 0 0 0 0.262085 0.442897 0.224222
291000 burn_in 1167.57 5.83333 1161.73 0 0 0 0.262085 0.442117 0.224132
292000 burn_in 1162.82 3.16087 1159.66 0 0 0 0.262085 0.441377 0.224152
293000 burn_in 1168.95 2.36702 1166.58 0 0 0 0.262085 0.440546 0.223871
294000 burn_in 1173.11 6.4395 1166.67 0 0 0 0.262085 0.439867 0.224053
295000 burn_in 1168.55 4.23901 1164.15 0.15721 0 0 0.262085 0.439078 0.223874
296000 burn_in 1170.16 2.023 1168.14 0 0 0 0.262085 0.438284 0.223667
297000 burn_in 1164.65 1.87799 1162.77 0 0 0 0.262085 0.437532 0.223577
298000 burn_in 1172.02 3.35646 1168.67 0 0 0 0.262085 0.436802 0.223541
299000 burn_in 1171.28 4.36211 1166.92 0 0 0 0.262085 0.436064 0.223465
300000 burn_in 1166.43 3.59846 1162.83 0 0 0 0.262085 0.435393 0.22358
301000 burn_in 1163.93 3.74546 1160.19 0 0 0 0.262085 0.434711 0.223644
302000 burn_in 1169.26 2.93379 1166.33 0 0 0 0.262085 0.434046 0.223745
303000 burn_in 1165.96 2.28001 1163.68 0 0 0 0.262085 0.43335 0.223738
304000 burn_in 1164.38 4.0429 1160.33 0 0 0 0.262085 0.432641 0.223683
305000 burn_in 1174.63 0.927199 1173.66 0.0481812 0 0 0.262085 0.431823 0.223295
306000 burn_in 1164.51 6.02305 1158.49 0 0 0 0.262085 0.43119 0.223434
307000 burn_in 1169.22 3.34667 1165.87 0 0 0 0.262085 0.430436 0.223215
308000 burn_in 1165.33 4.45315 1160.88 0 0 0 0.262085 0.429786 0.223278
309000 burn_in 1165.54 3.65432 1161.89 0 0 0 0.262085 0.429104 0.223239
310000 burn_in 1166.82 3.18892 1163.63 0 0 0 0.262085 0.42861 0.223718
311000 burn_in 1167.7 3.43268 1164.26 0 0 0 0.262085 0.427781 0.223243
312000 burn_in 1169.71 0.879031 1168.83 0 0 0 0.262085 0.427093 0.223152
313000 burn_in 1166.34 1.75403 1164.58 0 0 0 0.262085 0.426444 0.223159
314000 burn_in 1164.01 2.47596 1161.53 0 0 0 0.262085 0.425809 0.223193
315000 burn_in 1164.43 1.28604 1163.14 0 0 0 0.262085 0.42507 0.22293
316000 burn_in 1163.81 4.07714 1159.74 0 0 0 0.262085 0.424487 0.223086
317000 burn_in 1167.47 3.2289 1164.24 0 0 0 0.262085 0.423852 0.223085
318000 burn_in 1166.88 2.43905 1164.44 0 0 0 0.262085 0.423151 0.222898
319000 burn_in 1165.47 2.5297 1162.94 0 0 0 0.262085 0.422583 0.223059
320000 burn_in 1170.48 7.94462 1162.53 0 0 0 0.262085 0.421931 0.222983
321000 burn_in 1170.96 4.94939 1166.01 0 0 0 0.262085 0.421227 0.22276
322000 burn_in 1167.92 2.61704 1165.3 0 0 0 0.262085 0.420525 0.222533
323000 burn_in 1173.02 6.47649 1166.55 0 0 0 0.262085 0.419963 0.222667
324000 burn_in 1168.21 2.71827 1165.49 0 0 0 0.262085 0.419333 0.222613
325000 burn_in 1169.94 2.5076 1167.43 0 0 0 0.262085 0.41872 0.222592
326000 burn_in 1164.31 1.32918 1162.98 0 0 0 0.262085 0.418132 0.222627
327000 burn_in 1165.32 1.25185 1164.06 0 0 0 0.262085 0.417495 0.222528
328000 burn_in 1165.22 3.27427 1161.95 0 0 0 0.262085 0.416835 0.222359
329000 burn_in 1169.31 4.06488 1165.25 0 0 0 0.262085 0.416216 0.222287
330000 burn_in 1165.74 1.81554 1163.92 0 0 0 0.262085 0.415673 0.2224
331000 burn_in 1166.74 2.63358 1164.11 0 0 0 0.262085 0.415003 0.222183
332000 burn_in 1168.06 1.33821 1166.72 0 0 0 0.262085 0.414437 0.22222
333000 burn_in 1166.43 4.50758 1161.92 0 0 0 0.262085 0.413907 0.222338
334000 burn_in 1169.61 5.44568 1164.17 0 0 0 0.262085 0.413263 0.222164
335000 burn_in 1171.36 6.04224 1165.32 0 0 0 0.262085 0.412797 0.222422
336000 burn_in 1175.11 3.17759 1171.93 0 0 0 0.262085 0.412313 0.222625
337000 burn_in 1166.54 3.7734 1162.77 0 0 0 0.262085 0.411819 0.222796
338000 burn_in 1166.05 2.12331 1163.92 0 0 0 0.262085 0.411175 0.222587
339000 burn_in 1169.42 5.30568 1164.11 0 0 0 0.262085 0.410649 0.222662
340000 burn_in 1170.17 11.1526 1159.01 0 0 0 0.262085 0.409962 0.222336
341000 burn_in 1168.54 1.45531 1167.08 0 0 0 0.262085 0.409381 0.222262
342000 burn_in 1168.54 2.20599 1166.34 0 0 0 0.262085 0.408751 0.222063
343000 burn_in 1175.52 4.31619 1171.2 0 0 0 0.262085 0.408239 0.22214
344000 burn_in 1168.95 4.33654 1164.61 0 0 0 0.262085 0.40768 0.222097
345000 burn_in 1165.7 3.598 1162.1 0 0 0 0.262085 0.407174 0.222172
346000 burn_in 1168.61 3.90612 1164.71 0 0 0 0.262085 0.406723 0.22237
347000 burn_in 1165.5 1.68134 1163.82 0 0 0 0.262085 0.406228 0.222456
348000 burn_in 1164.62 2.02909 1162.59 0 0 0 0.262085 0.405644 0.222324
349000 burn_in 1169.01 4.83585 1164.18 0 0 0 0.262085 0.405135 0.222362
350000 burn_in 1165.13 4.25729 1160.88 0 0 0 0.262085 0.404586 0.2223
351000 burn_in 1168.98 2.2828 1166.7 0 0 0 0.262085 0.404145 0.222483
352000 burn_in 1171.51 7.9063 1163.6 0 0 0 0.262085 0.403631 0.222487
353000 burn_in 1169.67 4.57207 1165.1 0 0 0 0.262085 0.403006 0.222229
354000 burn_in 1163.69 3.12623 1160.56 0 0 0 0.262085 0.402556 0.22237
355000 burn_in 1166.72 2.7421 1163.98 0 0 0 0.262085 0.402059 0.222394
356000 burn_in 1165.44 5.38783 1160.05 0 0 0 0.262085 0.401626 0.222558
357000 burn_in 1165.49 2.2167 1163.28 0 0 0 0.262085 0.401098 0.222497
358000 burn_in 1167.22 1.77357 1165.44 0 0 0 0.262085 0.400595 0.222487
359000 burn_in 1175.68 1.09404 1174.58 0 0 0 0.262085 0.4001 0.222491
360000 burn_in 1165.85 2.56497 1163.28 0 0 0 0.262085 0.399572 0.222413
361000 burn_in 1167.43 0.835736 1166.6 0 0 0 0.262085 0.399175 0.222621
362000 burn_in 1171.12 4.3622 1166.76 0 0 0 0.262085 0.398693 0.222636
363000 burn_in 1167.05 0.761954 1166.29 0 0 0 0.262085 0.398174 0.222558
364000 burn_in 1170.15 3.30231 1166.85 0 0 0 0.262085 0.397659 0.222488
365000 burn_in 1168.04 3.6283 1164.41 0 0 0 0.262085 0.39703 0.222158
366000 burn_in 1169.43 3.16047 1166.27 0.00258473 0 0 0.262085 0.3965 0.222042
367000 burn_in 1170.87 2.99134 1167.88 0 0 0 0.262085 0.395962 0.221904
368000 burn_in 1169.3 1.38505 1167.92 0 0 0 0.262085 0.395568 0.222077
369000 burn_in 1167.47 3.40114 1164.07 0 0 0 0.262085 0.395144 0.222178
370000 burn_in 1168.28 2.35385 1165.92 0 0 0 0.262085 0.394619 0.222053
371000 burn_in 1165.19 3.53498 1161.66 0 0 0 0.262085 0.394183 0.222117
372000 burn_in 1166.85 4.18141 1162.67 0 0 0 0.262085 0.393761 0.222203
373000 burn_in 1163.45 2.52475 1160.93 0 0 0 0.262085 0.393265 0.222127
374000 burn_in 1165.99 1.90847 1164.08 0 0 0 0.262085 0.392781 0.222069
375000 burn_in 1166.45 4.02621 1161.75 0.672223 0 0 0.262085 0.392352 0.222126
376000 burn_in 1164.69 4.19266 1160.5 0 0 0 0.262085 0.391915 0.222159
377000 burn_in 1164.37 2.42161 1161.95 0 0 0 0.262085 0.391411 0.222045
378000 burn_in 1170.03 2.97463 1167.06 0 0 0 0.262085 0.390926 0.221966
379000 burn_in 1166.81 4.34424 1162.46 0 0 0 0.262085 0.390499 0.222006
380000 burn_in 1162.07 3.06105 1159.01 0 0 0 0.262085 0.390108 0.222117
381000 burn_in 1168.94 6.60141 1162.34 0 0 0 0.262085 0.389648 0.222077
382000 burn_in 1169.58 4.38889 1165.19 0 0 0 0.262085 0.38923 0.222121
383000 burn_in 1167.5 3.81474 1163.69 0 0 0 0.262085 0.388726 0.221978
384000 burn_in 1167.16 5.40779 1161.75 0 0 0 0.262085 0.388263 0.221918
385000 burn_in 1172.95 2.46898 1170.49 0 0 0 0.262085 0.387847 0.221951
386000 burn_in 1171.24 1.72377 1169.52 0 0 0 0.262085 0.387409 0.221935
387000 burn_in 1169.98 1.40272 1168.58 0 0 0 0.262085 0.387016 0.222005
388000 burn_in 1164 3.34881 1160.65 0 0 0 0.262085 0.38666 0.222149
389000 burn_in 1167.65 3.46814 1164.18 0 0 0 0.262085 0.38627 0.222217
390000 burn_in 1166.28 5.44076 1160.84 0 0 0 0.262085 0.385833 0.222184
391000 burn_in 1163.87 1.61368 1162.26 0 0 0 0.262085 0.385386 0.222126
392000 burn_in 1168.06 1.12215 1166.93 0 0 0 0.262085 0.384913 0.22201
393000 burn_in 1164.83 1.42264 1163.4 0 0 0 0.262085 0.384422 0.221855
394000 burn_in 1167.42 0.787164 1166.64 0 0 0 0.262085 0.384048 0.221933
395000 burn_in 1163.84 3.94633 1159.9 0 0 0 0.262085 0.383641 0.221938
396000 burn_in 1163.15 2.17858 1160.97 0 0 0 0.262085 0.383245 0.221964
397000 burn_in 1173.6 2.67367 1170.93 0 0 0 0.262085 0.382826 0.221939
398000 burn_in 1165.23 1.41449 1163.81 0 0 0 0.262085 0.382382 0.221859
399000 burn_in 1168.14 3.62284 1164.52 0 0 0 0.262085 0.38202 0.22194
400000 burn_in 1169.93 3.70639 1166.23 0 0 0 0.262085 0.38156 0.22182
401000 burn_in 1166.4 2.65945 1163.74 0 0 0 0.262085 0.381247 0.22199
402000 burn_in 1165.02 1.57975 1163.44 0.00339226 0 0 0.262085 0.380853 0.221995
403000 burn_in 1169.6 5.29863 1164.3 0 0 0 0.262085 0.380335 0.221749
404000 burn_in 1165.74 3.5545 1162.19 0 0 0 0.262085 0.379931 0.221725
405000 burn_in 1165.3 0.971572 1164.32 0 0 0 0.262085 0.379588 0.22182
406000 burn_in 1166.87 1.39027 1165.48 0 0 0 0.262085 0.379197 0.221816
407000 burn_in 1168.66 6.15573 1162.5 0 0 0 0.262085 0.37883 0.221855
408000 burn_in 1166.63 5.37235 1161.26 0 0 0 0.262085 0.378441 0.221846
409000 burn_in 1163.83 2.85694 1160.97 0 0 0 0.262085 0.378051 0.221833
410000 burn_in 1173.99 2.58783 1171.4 0 0 0 0.262085 0.377673 0.221838
411000 burn_in 1166.86 5.17414 1161.69 0 0 0 0.262085 0.377321 0.221891
412000 burn_in 1164.64 2.75526 1161.89 0 0 0 0.262085 0.376959 0.22192
413000 burn_in 1170.09 6.05582 1164.03 0 0 0 0.262085 0.376613 0.221977
414000 burn_in 1171.28 3.08224 1168.2 0 0 0 0.262085 0.376271 0.222037
415000 burn_in 1167.4 2.48467 1164.91 0 0 0 0.262085 0.37593 0.222098
416000 burn_in 1163.34 3.62864 1159.71 0 0 0 0.262085 0.375596 0.222167
417000 burn_in 1163.71 2.57899 1161.13 0 0 0 0.262085 0.375192 0.222097
418000 burn_in 1161.6 2.5611 1159.04 0 0 0 0.262085 0.374785 0.222018
419000 burn_in 1168.06 3.07853 1164.98 0 0 0 0.262085 0.374384 0.22195
420000 burn_in 1168.44 2.90878 1165.53 0 0 0 0.262085 0.373981 0.221873
421000 burn_in 1167.92 5.36658 1162.55 0 0 0 0.262085 0.373656 0.221941
422000 burn_in 1169.51 2.19624 1167.31 0 0 0 0.262085 0.373159 0.22168
423000 burn_in 1168.09 7.99901 1158.21 1.88161 0 0 0.262085 0.3727 0.221489
424000 burn_in 1174.76 0.900573 1173.86 0 0 0 0.262085 0.372307 0.22142
425000 burn_in 1169.31 1.58204 1167.72 0 0 0 0.262085 0.371976 0.221467
426000 burn_in 1166.36 6.75832 1159.61 0 0 0 0.262085 0.371695 0.221602
427000 burn_in 1163.63 4.8552 1158.77 0 0 0 0.262085 0.371342 0.221599
428000 burn_in 1167.08 3.61857 1163.47 0 0 0 0.262085 0.370963 0.221544
429000 burn_in 1164.86 5.015 1159.85 0 0 0 0.262085 0.370566 0.221454
430000 burn_in 1168.04 5.20528 1162.84 0 0 0 0.262085 0.3702 0.221417
431000 burn_in 1171.45 1.47787 1169.97 0 0 0 0.262085 0.36987 0.221446
432000 burn_in 1167.07 1.08754 1165.99 0 0 0 0.262085 0.369579 0.221543
433000 burn_in 1169.16 1.51276 1167.65 0 0 0 0.262085 0.369187 0.221451
434000 burn_in 1167.93 2.77616 1165.16 0 0 0 0.262085 0.368843 0.221444
435000 burn_in 1167.27 2.72529 1164.54 0 0 0 0.262085 0.368462 0.221366
436000 burn_in 1168.53 2.87036 1165.66 0 0 0 0.262085 0.368094 0.221309
437000 burn_in 1169.17 2.97463 1166.2 0 0 0 0.262085 0.36778 0.22135
438000 burn_in 1169.51 3.6068 1165.9 0 0 0 0.262085 0.367477 0.221408
439000 burn_in 1167.68 2.67191 1165 0 0 0 0.262085 0.367164 0.221444
440000 burn_in 1174.96 3.00544 1171.95 0 0 0 0.262085 0.366902 0.221571
441000 burn_in 1169.48 4.49361 1164.7 0.288322 0 0 0.262085 0.366549 0.221527
442000 burn_in 1167.43 1.88937 1165.54 0 0 0 0.262085 0.366158 0.221413
443000 burn_in 1162.61 2.85095 1159.76 0 0 0 0.262085 0.365822 0.221395
444000 burn_in 1172.13 4.89115 1167.24 0 0 0 0.262085 0.365543 0.22148
445000 burn_in 1171.2 2.75016 1168.45 0 0 0 0.262085 0.365191 0.221429
446000 burn_in 1165.12 2.7855 1162.34 0 0 0 0.262085 0.364874 0.221439
447000 burn_in 1162.48 3.99156 1158.49 0 0 0 0.262085 0.364512 0.221364
448000 burn_in 1168.3 8.53766 1159.77 0 0 0 0.262085 0.364234 0.22144
449000 burn_in 1168.47 0.71967 1167.75 0 0 0 0.262085 0.363958 0.221514
450000 burn_in 1163.29 1.18679 1162.1 0 0 0 0.262085 0.363691 0.221604
451000 burn_in 1162.24 2.83764 1159.4 0 0 0 0.262085 0.363397 0.221641
452000 burn_in 1172.7 5.75384 1166.95 0 0 0 0.262085 0.363135 0.221734
453000 burn_in 1168.15 7.92367 1160.23 0 0 0 0.262085 0.362788 0.221672
454000 burn_in 1166.44 1.79112 1164.65 0 0 0 0.262085 0.362379 0.221496
455000 burn_in 1168.36 1.87573 1166.49 0 0 0 0.262085 0.362132 0.221608
456000 burn_in 1165.68 3.4023 1162.28 0 0 0 0.262085 0.3618 0.221566
457000 burn_in 1167.14 3.09065 1164.05 0 0 0 0.262085 0.361389 0.221381
458000 burn_in 1171.05 2.54067 1168.51 0 0 0 0.262085 0.3611 0.221411
459000 burn_in 1166.71 4.90053 1161.81 0 0 0 0.262085 0.360813 0.22144
460000 burn_in 1165.21 3.58043 1161.63 0 0 0 0.262085 0.360517 0.221454
461000 burn_in 1169.51 2.60231 1166.91 0 0 0 0.262085 0.360187 0.221402
462000 burn_in 1167.79 2.50802 1165.28 0 0 0 0.262085 0.359913 0.22145
463000 burn_in 1165.6 3.49379 1162.1 0 0 0 0.262085 0.3596 0.221426
464000 burn_in 1168.2 4.17237 1164.02 0 0 0 0.262085 0.359235 0.221307
465000 burn_in 1163.14 2.39561 1160.74 0 0 0 0.262085 0.358951 0.221328
466000 burn_in 1175.1 6.16353 1168.93 0 0 0 0.262085 0.358655 0.221327
467000 burn_in 1166.89 1.34864 1165.54 0 0 0 0.262085 0.358281 0.221187
468000 burn_in 1168.06 4.53692 1163.52 0 0 0 0.262085 0.357944 0.221112
469000 burn_in 1164.63 1.17755 1163.45 0 0 0 0.262085 0.357642 0.221093
470000 burn_in 1167.87 2.52077 1165.35 0 0 0 0.262085 0.35733 0.221056
471000 burn_in 1165.98 2.87484 1163.1 0 0 0 0.262085 0.357119 0.221192
472000 burn_in 1171.05 1.21964 1169.83 0 0 0 0.262085 0.356894 0.221301
473000 burn_in 1166.4 5.36111 1161.04 0 0 0 0.262085 0.356619 0.221322
474000 burn_in 1171.69 5.28574 1166.41 0 0 0 0.262085 0.356319 0.221296
475000 burn_in 1166.19 3.11113 1163.08 0 0 0 0.262085 0.356055 0.221331
476000 burn_in 1168.39 4.16455 1164.23 0 0 0 0.262085 0.355813 0.221402
477000 burn_in 1166.23 6.50692 1159.72 0 0 0 0.262085 0.355545 0.221426
478000 burn_in 1164.17 2.71445 1161.46 0 0 0 0.262085 0.355255 0.22141
479000 burn_in 1164.41 3.76108 1160.65 0 0 0 0.262085 0.354839 0.221176
480000 burn_in 1165.44 4.67793 1160.76 0 0 0 0.262085 0.354525 0.221114
481000 burn_in 1167.23 5.33603 1161.9 0 0 0 0.262085 0.354258 0.221132
482000 burn_in 1171.78 3.2514 1168.53 0 0 0 0.262085 0.35401 0.221181
483000 burn_in 1177.63 7.89087 1169.74 0 0 0 0.262085 0.353694 0.22111
484000 burn_in 1176.27 2.5944 1173.67 0 0 0 0.262085 0.35343 0.221127
485000 burn_in 1172.39 1.82765 1170.57 0 0 0 0.262085 0.353142 0.221102
486000 burn_in 1170.04 3.14127 1166.9 0 0 0 0.262085 0.352901 0.221154
487000 burn_in 1162.95 3.96248 1158.98 0 0 0 0.262085 0.352655 0.221195
488000 burn_in 1170.34 2.10853 1168.23 0 0 0 0.262085 0.35235 0.221135
489000 burn_in 1163.89 5.12477 1158.77 0 0 0 0.262085 0.352076 0.221125
490000 burn_in 1171.06 4.2442 1166.81 0 0 0 0.262085 0.351808 0.221124
491000 burn_in 1166.47 1.43097 1163 2.0389 0 0 0.262085 0.351542 0.221124
492000 burn_in 1173.77 0.76141 1173.01 0 0 0 0.262085 0.351301 0.221164
493000 burn_in 1166.76 3.23705 1163.52 0 0 0 0.262085 0.351028 0.22115
494000 burn_in 1169.61 4.52343 1165.09 0 0 0 0.262085 0.350814 0.221231
495000 burn_in 1162.96 1.91966 1161.04 0 0 0 0.262085 0.350523 0.221183
496000 burn_in 1166.35 7.64658 1158.7 0 0 0 0.262085 0.35025 0.221162
497000 burn_in 1167.96 6.18965 1161.77 0 0 0 0.262085 0.35001 0.221195
498000 burn_in 1163.14 1.48918 1161.65 0 0 0 0.262085 0.349665 0.22105
499000 burn_in 1173.53 2.11983 1171.41 0 0 0 0.262085 0.349459 0.221137
500000 burn_in 1163.71 2.31877 1161.39 0 0 0 0.262085 0.349196 0.221127
501000 burn_in 1166.76 3.62281 1163.13 0 0 0 0.241475 0.349032 0.267
502000 burn_in 1168.28 1.10356 1167.17 0 0 0 0.241475 0.348849 0.262
503000 burn_in 1168.18 4.8708 1163.31 0 0 0 0.241475 0.34872 0.269333
504000 burn_in 1163.56 2.77182 1160.79 0 0 0 0.241475 0.348589 0.27275
505000 burn_in 1166.95 1.64224 1165.31 0 0 0 0.241475 0.348378 0.2666
