Casal2 (https://github.com/alistairdunn1/CASAL2:Development)
Call: casal2 -E MPD.dat -o free.dat 
Date: Thu Jul 11 16:24:19 2024
Seed: 71859
Version: v24.02 (2024-02-21)
Copyright (c) 2017-2024, NIWA (www.niwa.co.nz)
Environment: User=SophieMormede Machine=ZBOOK OS=Windows_NT PID=20028


*partition[PartitionAutumn]
year: 1990
time_step: SummerAutumn
values {dataframe_with_row_labels}
category 1 2 3 4 5 6 7 8 9 10
Male 5424371075.522679 6483556945.066302 1810894192.493623 105931924.882170 94481.352426 2.047840 0.000004 0.000000 0.000000 0.000000
PrimiFemale 0.000000 0.000000 129474934.700938 406332998.214587 29411073.456689 26307.939302 0.570250 0.000001 0.000000 0.000000
MultiFemale 0.000000 0.000000 0.000000 36732079.852248 126340922.128830 46397132.073183 13982011.242294 4211301.018851 1268419.491498 546704.986750
*end

*partition[PartitionAutumn]
year: 1991
time_step: SummerAutumn
values {dataframe_with_row_labels}
category 1 2 3 4 5 6 7 8 9 10
Male 7426253833.542268 2271189058.885536 2516145185.631783 147045645.543835 131150.665578 2.842631 0.000006 0.000000 0.000000 0.000000
PrimiFemale 0.000000 0.000000 172332722.633840 540313548.033771 39108730.252162 34982.404291 0.758277 0.000002 0.000000 0.000000
MultiFemale 0.000000 0.000000 0.000000 43538113.798789 148988009.177766 52374201.661297 15610654.617199 4701684.261238 1416120.082370 610365.826176
*end

*partition[PartitionAutumn]
year: 1992
time_step: SummerAutumn
values {dataframe_with_row_labels}
category 1 2 3 4 5 6 7 8 9 10
Male 9547963763.267685 3187332880.154126 903974299.626594 209544230.089010 186713.934162 4.046930 0.000008 0.000000 0.000000 0.000000
PrimiFemale 0.000000 0.000000 64784571.455594 805663833.448222 58259189.469343 52112.207470 1.129582 0.000002 0.000000 0.000000
MultiFemale 0.000000 0.000000 0.000000 64627551.956576 218953761.276715 70539301.802792 19654286.742263 5854246.778585 1763207.199073 759964.800747
*end

*partition[PartitionAutumn]
year: 1993
time_step: SummerAutumn
values {dataframe_with_row_labels}
category 1 2 3 4 5 6 7 8 9 10
Male 11470431441.826767 3997432930.513278 1236845927.865184 73397452.666607 259409.068114 5.617161 0.000011 0.000000 0.000000 0.000000
PrimiFemale 0.000000 0.000000 84700146.207266 269656676.299931 77343686.982156 69116.636517 1.498166 0.000003 0.000000 0.000000
MultiFemale 0.000000 0.000000 0.000000 21777179.312653 292546298.908177 93184448.461998 23729129.403931 6606740.306765 1967890.590086 848158.033545
*end

*partition[PartitionAutumn]
year: 1994
time_step: SummerAutumn
values {dataframe_with_row_labels}
category 1 2 3 4 5 6 7 8 9 10
Male 11142956401.329746 5869548123.679970 1896066494.836618 122750923.773095 111064.354535 9.539147 0.000019 0.000000 0.000000 0.000000
PrimiFemale 0.000000 0.000000 106212496.283049 368899949.641548 27087445.732247 96012.752810 2.079165 0.000004 0.000000 0.000000
MultiFemale 0.000000 0.000000 0.000000 28619889.297231 98474477.397000 124984528.576375 31510052.492634 8017990.084774 2232394.371749 951532.950603
*end

*partition[PartitionAutumn]
year: 1995
time_step: SummerAutumn
values {dataframe_with_row_labels}
category 1 2 3 4 5 6 7 8 9 10
Male 9943468307.348087 5752051148.128918 2809020361.040078 189863177.287801 187411.612179 4.120758 0.000033 0.000000 0.000000 0.000000
PrimiFemale 0.000000 0.000000 159927803.400659 579925191.793064 46455513.438291 42154.495261 3.620821 0.000007 0.000000 0.000000
MultiFemale 0.000000 0.000000 0.000000 37321427.833139 139682291.936954 44120507.921131 43951357.839693 11072143.351128 2817397.075727 1118782.566762
*end

*partition[PartitionAutumn]
year: 1996
time_step: SummerAutumn
values {dataframe_with_row_labels}
category 1 2 3 4 5 6 7 8 9 10
Male 11988712971.287495 5154152500.156013 2764444289.036098 282473058.694503 291103.507573 6.982869 0.000014 0.000000 0.000000 0.000000
PrimiFemale 0.000000 0.000000 158580730.913032 869324499.636168 72704595.982842 71973.781166 1.582644 0.000013 0.000000 0.000000
MultiFemale 0.000000 0.000000 0.000000 57223565.441467 220856191.977257 66601720.561995 15801783.499062 15726178.185089 3961708.885565 1408399.202421
*end

*partition[PartitionAutumn]
year: 1997
time_step: SummerAutumn
values {dataframe_with_row_labels}
category 1 2 3 4 5 6 7 8 9 10
Male 15478579176.135860 6199291892.000255 2470986905.462122 277305202.086518 432027.861042 10.819641 0.000024 0.000000 0.000000 0.000000
PrimiFemale 0.000000 0.000000 141125454.111477 849679501.556597 107428229.387979 111031.325626 2.663547 0.000005 0.000000 0.000000
MultiFemale 0.000000 0.000000 0.000000 56145899.926161 328046568.244643 103935902.184886 23605981.649353 5594659.968082 5567891.164711 1901299.668916
*end

*partition[PartitionAutumn]
year: 1998
time_step: SummerAutumn
values {dataframe_with_row_labels}
category 1 2 3 4 5 6 7 8 9 10
Male 16987309584.041872 8007534909.063910 2973429612.914622 247983636.708774 424321.605267 16.064957 0.000037 0.000000 0.000000 0.000000
PrimiFemale 0.000000 0.000000 169962759.423424 760468746.417537 105599783.997728 164996.020390 4.132405 0.000009 0.000000 0.000000
MultiFemale 0.000000 0.000000 0.000000 50065808.497359 321351469.965407 154489448.102317 36911787.828277 8374481.159960 1984766.823450 2649777.153422
*end

*partition[PartitionAutumn]
year: 1999
time_step: SummerAutumn
values {dataframe_with_row_labels}
category 1 2 3 4 5 6 7 8 9 10
Male 17016944252.001244 8833042658.540033 3860814619.440309 299967963.735393 381438.729426 15.860891 0.000055 0.000000 0.000000 0.000000
PrimiFemale 0.000000 0.000000 222733066.723105 928416950.968605 95808163.614113 164411.176868 6.225068 0.000014 0.000000 0.000000
MultiFemale 0.000000 0.000000 0.000000 61647372.790033 293989796.559950 154859915.018449 56094867.626588 13388312.865111 3037516.411343 1681000.066742
*end

*partition[PartitionAutumn]
year: 2000
time_step: SummerAutumn
values {dataframe_with_row_labels}
category 1 2 3 4 5 6 7 8 9 10
Male 18308270510.591885 8860969066.468424 4264981945.352948 390052396.183326 462065.375664 14.278547 0.000055 0.000000 0.000000 0.000000
PrimiFemale 0.000000 0.000000 246673519.662522 1210293713.845883 116353860.557659 148384.115065 6.170475 0.000022 0.000000 0.000000
MultiFemale 0.000000 0.000000 0.000000 81279473.072698 361292977.362722 142244561.511476 56571274.240168 20470067.956506 4885645.609915 1721874.858222
*end

*partition[PartitionAutumn]
year: 2001
time_step: SummerAutumn
values {dataframe_with_row_labels}
category 1 2 3 4 5 6 7 8 9 10
Male 20959524795.671780 9555908823.620871 4288787451.707032 431924339.913864 602279.363120 17.338405 0.000049 0.000000 0.000000 0.000000
PrimiFemale 0.000000 0.000000 249095579.244422 1345865807.753722 152300598.342045 180941.750318 5.591750 0.000021 0.000000 0.000000
MultiFemale 0.000000 0.000000 0.000000 90926771.076995 476089045.804965 176066234.264128 52487712.116752 20852838.370642 7545507.463063 2435609.647733
*end

*partition[PartitionAutumn]
year: 2002
time_step: SummerAutumn
values {dataframe_with_row_labels}
category 1 2 3 4 5 6 7 8 9 10
Male 23040938722.913254 10959341693.895348 4633614256.930637 435130590.092053 668155.152892 22.641141 0.000060 0.000000 0.000000 0.000000
PrimiFemale 0.000000 0.000000 269978997.073367 1360167433.723040 169496067.093954 237031.809074 6.824112 0.000019 0.000000 0.000000
MultiFemale 0.000000 0.000000 0.000000 92519566.524544 533656223.594069 233397672.971016 65462060.256138 19495087.620919 7745200.761798 3707205.440142
*end

*partition[PartitionAutumn]
year: 2003
time_step: SummerAutumn
values {dataframe_with_row_labels}
category 1 2 3 4 5 6 7 8 9 10
Male 24152261090.641529 12189213335.838190 5377863564.808130 475754196.801570 681187.897266 25.418816 0.000079 0.000000 0.000000 0.000000
PrimiFemale 0.000000 0.000000 319769534.693341 1517654847.544690 176346507.573570 271569.674011 9.203026 0.000024 0.000000 0.000000
MultiFemale 0.000000 0.000000 0.000000 105253805.614995 566343382.276496 274130384.932095 91084637.571463 25520988.674588 7600339.136467 4464825.845145
*end

*partition[PartitionAutumn]
year: 2004
time_step: SummerAutumn
values {dataframe_with_row_labels}
category 1 2 3 4 5 6 7 8 9 10
Male 25480293389.431000 12713540928.598663 5950994239.854858 549364984.418112 741000.288207 25.782994 0.000089 0.000000 0.000000 0.000000
PrimiFemale 0.000000 0.000000 350820868.430731 1737479807.797426 190189580.065968 273103.783057 10.191649 0.000032 0.000000 0.000000
MultiFemale 0.000000 0.000000 0.000000 122138255.808209 619881462.493139 283675667.267410 104809771.394738 34790426.400965 9747922.505120 4608375.276983
*end

*partition[PartitionAutumn]
year: 2005
time_step: SummerAutumn
values {dataframe_with_row_labels}
category 1 2 3 4 5 6 7 8 9 10
Male 22516330152.716949 11014838705.565216 5097415438.558893 499241164.316176 702694.228589 23.033210 0.000074 0.000000 0.000000 0.000000
PrimiFemale 0.000000 0.000000 369926428.623610 1943742084.992712 222026180.959244 300343.537913 10.451091 0.000036 0.000000 0.000000
MultiFemale 0.000000 0.000000 0.000000 135565927.855305 718602680.487625 313031602.542998 109724868.773540 40501106.901096 13443886.223922 5547630.596842
*end

*partition[PartitionAutumn]
year: 2006
time_step: SummerAutumn
values {dataframe_with_row_labels}
category 1 2 3 4 5 6 7 8 9 10
Male 23941416306.547729 9707510799.294556 4404271975.824636 426464926.047113 636836.915019 21.782860 0.000066 0.000000 0.000000 0.000000
PrimiFemale 0.000000 0.000000 318139373.672803 1652682520.181584 200282910.697677 282720.040867 9.267723 0.000030 0.000000 0.000000
MultiFemale 0.000000 0.000000 0.000000 141369486.039347 794619260.158522 359466613.579244 119741566.732972 41931980.164419 15477725.956193 7257715.043734
*end

*partition[PartitionAutumn]
year: 2007
time_step: SummerAutumn
values {dataframe_with_row_labels}
category 1 2 3 4 5 6 7 8 9 10
Male 23481863489.335327 10279464082.488785 3865245402.694957 366927735.769074 541719.266740 19.658477 0.000062 0.000000 0.000000 0.000000
PrimiFemale 0.000000 0.000000 277191798.184655 1411713323.463006 169141353.462651 253309.462649 8.664958 0.000026 0.000000 0.000000
MultiFemale 0.000000 0.000000 0.000000 119496616.894269 673865388.533076 373696044.257176 135125750.888950 44976234.443303 15750106.467091 8539678.186453
*end

*partition[PartitionAutumn]
year: 2008
time_step: SummerAutumn
values {dataframe_with_row_labels}
category 1 2 3 4 5 6 7 8 9 10
Male 22125275589.660511 10055133819.772181 4081784234.252470 321139562.571930 464816.815605 16.676552 0.000056 0.000000 0.000000 0.000000
PrimiFemale 0.000000 0.000000 291332627.966571 1229689488.387519 144441844.380376 213866.847449 7.761532 0.000024 0.000000 0.000000
MultiFemale 0.000000 0.000000 0.000000 102938968.368674 568635677.487702 313062041.479166 138871188.394288 50180792.198912 16702537.561610 9020342.533353
*end

*partition[PartitionAutumn]
year: 2009
time_step: SummerAutumn
values {dataframe_with_row_labels}
category 1 2 3 4 5 6 7 8 9 10
Male 20621735169.242790 9430511061.124949 3973897486.767414 337532757.003698 404896.705988 14.241736 0.000047 0.000000 0.000000 0.000000
PrimiFemale 0.000000 0.000000 281294098.755163 1281805923.941917 124784353.395336 181136.033728 6.499166 0.000022 0.000000 0.000000
MultiFemale 0.000000 0.000000 0.000000 106065249.571494 485168946.470479 259609547.044072 114054102.347008 50558722.194795 18269279.753694 9364907.805014
*end

*partition[PartitionAutumn]
year: 2010
time_step: SummerAutumn
values {dataframe_with_row_labels}
category 1 2 3 4 5 6 7 8 9 10
Male 20002063820.081284 8761135776.760115 3714694175.300365 327522778.664303 424155.717073 12.364721 0.000040 0.000000 0.000000 0.000000
PrimiFemale 0.000000 0.000000 261404295.670416 1236498007.374947 129953139.345532 156340.606948 5.499445 0.000018 0.000000 0.000000
MultiFemale 0.000000 0.000000 0.000000 100974560.258014 498196210.667634 218951462.121734 93255581.891272 40941353.868165 18148776.553872 9919686.920058
*end

*partition[PartitionAutumn]
year: 2011
time_step: SummerAutumn
values {dataframe_with_row_labels}
category 1 2 3 4 5 6 7 8 9 10
Male 19487821933.726082 8490956245.285273 3448159918.834989 305905335.197505 411234.975468 12.942094 0.000035 0.000000 0.000000 0.000000
PrimiFemale 0.000000 0.000000 242289008.050525 1153175977.313471 125807959.412520 163398.714261 4.763608 0.000015 0.000000 0.000000
MultiFemale 0.000000 0.000000 0.000000 93501352.824528 478398678.464947 224681856.059855 78372361.275619 33356459.673896 14644255.186309 10039769.156712
*end

*partition[PartitionAutumn]
year: 2012
time_step: SummerAutumn
values {dataframe_with_row_labels}
category 1 2 3 4 5 6 7 8 9 10
Male 18771750853.006042 8188713133.324029 3307199739.832299 281014039.358642 380112.554407 12.417835 0.000036 0.000000 0.000000 0.000000
PrimiFemale 0.000000 0.000000 228041681.665896 1039545783.144591 114113584.628728 153849.837606 4.842169 0.000013 0.000000 0.000000
MultiFemale 0.000000 0.000000 0.000000 82811331.385578 426098505.902302 206510168.615438 76849257.464133 26786681.097062 11400815.018968 8436686.573143
*end

*partition[PartitionAutumn]
year: 2013
time_step: SummerAutumn
values {dataframe_with_row_labels}
category 1 2 3 4 5 6 7 8 9 10
Male 17870066232.238201 7916503627.788428 3201321006.501316 270527152.082239 350479.804958 11.520674 0.000035 0.000000 0.000000 0.000000
PrimiFemale 0.000000 0.000000 222242038.219452 1007557400.200880 105933048.078783 143705.161208 4.694987 0.000014 0.000000 0.000000
MultiFemale 0.000000 0.000000 0.000000 79227954.828531 389937654.804037 187684501.618396 71800750.086297 26699542.177076 9306427.937911 6892092.318796
*end

*partition[PartitionAutumn]
year: 2014
time_step: SummerAutumn
values {dataframe_with_row_labels}
category 1 2 3 4 5 6 7 8 9 10
Male 17081688281.877491 7555963283.186753 3103173419.745201 262566174.086004 338302.306318 10.650936 0.000032 0.000000 0.000000 0.000000
PrimiFemale 0.000000 0.000000 216472750.614533 982648112.958387 102748086.514354 133500.404623 4.388598 0.000013 0.000000 0.000000
MultiFemale 0.000000 0.000000 0.000000 78118415.856442 382006629.655171 174299271.770993 66021887.297248 25238069.517374 9384927.827013 5693803.380796
*end

*partition[PartitionAutumn]
year: 2015
time_step: SummerAutumn
values {dataframe_with_row_labels}
category 1 2 3 4 5 6 7 8 9 10
Male 13584920163.701176 5904394645.827954 2421263817.406804 208063182.564223 268418.541894 8.404452 0.000024 0.000000 0.000000 0.000000
PrimiFemale 0.000000 0.000000 247520461.075553 1141106776.068898 119468413.242863 154374.647673 4.860570 0.000015 0.000000 0.000000
MultiFemale 0.000000 0.000000 0.000000 91135458.694572 446584722.436344 204082655.786801 73436528.236694 27795341.738571 10625275.179868 6348174.464607
*end

*partition[PartitionAutumn]
year: 2016
time_step: SummerAutumn
values {dataframe_with_row_labels}
category 1 2 3 4 5 6 7 8 9 10
Male 13767018171.496674 4711102424.016802 1898359700.039469 162885423.787219 213412.520322 6.690643 0.000019 0.000000 0.000000 0.000000
PrimiFemale 0.000000 0.000000 195233973.531565 898713569.169886 95558320.822116 123635.299891 3.871397 0.000011 0.000000 0.000000
MultiFemale 0.000000 0.000000 0.000000 105723715.658406 526329018.387195 241778915.583281 87235993.633611 31367029.378165 11872255.730477 7249888.729659
*end

*partition[PartitionAutumn]
year: 2017
time_step: SummerAutumn
values {dataframe_with_row_labels}
category 1 2 3 4 5 6 7 8 9 10
Male 13278884915.091333 4743660764.086740 1504786714.291403 126872577.330648 165980.100739 5.284749 0.000015 0.000000 0.000000 0.000000
PrimiFemale 0.000000 0.000000 152934128.187016 691765894.217953 73444104.696928 96505.333302 3.025712 0.000009 0.000000 0.000000
MultiFemale 0.000000 0.000000 0.000000 81043091.119947 416949377.003832 258150053.334807 100415545.509761 36212310.476148 13020686.861427 7937744.187776
*end

*partition[PartitionAutumn]
year: 2018
time_step: SummerAutumn
values {dataframe_with_row_labels}
category 1 2 3 4 5 6 7 8 9 10
Male 11955226350.105316 4585951623.220805 1518732220.241215 100804386.657558 129585.614239 4.119796 0.000012 0.000000 0.000000 0.000000
PrimiFemale 0.000000 0.000000 155008181.067328 551969222.490702 57583990.469796 75552.131327 2.405711 0.000007 0.000000 0.000000
MultiFemale 0.000000 0.000000 0.000000 64137556.523492 324100772.331140 205661307.232187 108303488.577579 42112290.943631 15186725.330433 8789550.611819
*end

*partition[PartitionAutumn]
year: 2019
time_step: SummerAutumn
values {dataframe_with_row_labels}
category 1 2 3 4 5 6 7 8 9 10
Male 10434418439.645555 4099310786.737614 1457525262.307320 100996095.884621 102208.579882 3.192974 0.000009 0.000000 0.000000 0.000000
PrimiFemale 0.000000 0.000000 146781297.105712 545658500.572250 44813949.728125 57775.975130 1.836938 0.000005 0.000000 0.000000
MultiFemale 0.000000 0.000000 0.000000 62937256.077899 250154927.592106 154973662.770360 83534365.973794 43973955.274842 17098654.730921 9734974.157985
*end

*partition[PartitionAutumn]
year: 2020
time_step: SummerAutumn
values {dataframe_with_row_labels}
category 1 2 3 4 5 6 7 8 9 10
Male 9536378827.615061 3548219564.180797 1291841939.917868 96106158.060734 101536.982226 2.497110 0.000007 0.000000 0.000000 0.000000
PrimiFemale 0.000000 0.000000 128045319.925951 511054102.004164 43817685.729831 44472.229856 1.389394 0.000004 0.000000 0.000000
MultiFemale 0.000000 0.000000 0.000000 57342072.040005 237755982.321575 115233493.522168 60565082.169723 32633805.706716 17179007.278137 10482912.057834
*end

*partition[PartitionAutumn]
year: 2021
time_step: SummerAutumn
values {dataframe_with_row_labels}
category 1 2 3 4 5 6 7 8 9 10
Male 8808305479.667002 3233283088.782326 1114806320.084589 84924861.486501 96329.925117 2.473232 0.000006 0.000000 0.000000 0.000000
PrimiFemale 0.000000 0.000000 109865816.367371 449013300.968485 41332826.147447 43795.031002 1.077126 0.000003 0.000000 0.000000
MultiFemale 0.000000 0.000000 0.000000 49328148.696247 218968739.801204 108473339.670348 44409642.499820 23332071.235694 12571835.696351 10656467.960338
*end

*partition[PartitionAutumn]
year: 2022
time_step: SummerAutumn
values {dataframe_with_row_labels}
category 1 2 3 4 5 6 7 8 9 10
Male 7985129997.805950 3019771251.612750 1027442361.063380 74122475.160022 86093.404402 2.373160 0.000006 0.000000 0.000000 0.000000
PrimiFemale 0.000000 0.000000 103437341.851760 400342317.383557 37736446.003819 42928.337825 1.102240 0.000002 0.000000 0.000000
MultiFemale 0.000000 0.000000 0.000000 44574817.133317 202187305.256911 105609662.228015 44027618.120524 18017899.511035 9466297.881466 9424197.255104
*end

*partition[PartitionAutumn]
year: 2023
time_step: SummerAutumn
values {dataframe_with_row_labels}
category 1 2 3 4 5 6 7 8 9 10
Male 7231480569.282550 2849861433.036142 999798544.607876 71175981.026668 78290.752119 2.209841 0.000006 0.000000 0.000000 0.000000
PrimiFemale 0.000000 0.000000 108138977.155082 413015624.858214 36868294.101923 42946.691537 1.183900 0.000003 0.000000 0.000000
MultiFemale 0.000000 0.000000 0.000000 49838206.297065 214370067.089132 115600112.164455 50905553.350588 21213396.730174 8681388.122264 9101822.329614
*end

*estimate_value[EstimateValues]
values {dataframe}
parameter_transformation[logRecruitment].log_parameter selectivity[TransitionMale].a50 selectivity[TransitionMale].ato95 age_length[AgeLength].Linf age_length[AgeLength].k time_varying[M_time_var_Male].values{1994} time_varying[M_time_var_Male].values{2015} time_varying[M_time_var_Primi].values{1994} time_varying[M_time_var_Primi].values{2015} catchability[SurveyqM].q selectivity[SurveyMale].a50 selectivity[SurveyMale].ato95 selectivity[FishingMale].a50 selectivity[FishingMale].ato95 selectivity[FishingPrimiFemale].alpha selectivity[FishingMultiFemale].alpha 
10.6788 18.762 1.00001 26.3769 0.452272 0.602529 1.00138 0.809481 0.618963 0.841304 21.5155 6.39901 13.7997 1.50734 2.53043 3.61941 
*end

*estimate_summary[EstimateSummary]
parameter_transformation[logRecruitment].log_parameter {list}
value: 10.6788
initial_value: 10.8198
phase: 1
hyperparameters: none
hyperparameter_values: 0
std_dev: 0.0819573
estimation_phase: 
label: 
lower_bound: 10 
mcmc_fixed: 
parameter: parameter_transformation[logRecruitment].log_parameter 
same: 
type: uniform 
upper_bound: 13 
{end_list}

selectivity[TransitionMale].a50 {list}
value: 18.762
initial_value: 17.8
phase: 1
hyperparameters: none
hyperparameter_values: 0
std_dev: 0.16157
estimation_phase: 
label: 
lower_bound: 1 
mcmc_fixed: 
parameter: selectivity[TransitionMale].a50 
same: 
type: uniform 
upper_bound: 30 
{end_list}

selectivity[TransitionMale].ato95 {list}
value: 1.00001
initial_value: 3.82
phase: 1
hyperparameters: none
hyperparameter_values: 0
std_dev: 0.00136585
estimation_phase: 
label: 
lower_bound: 1 
mcmc_fixed: 
parameter: selectivity[TransitionMale].ato95 
same: 
type: uniform 
upper_bound: 40 
{end_list}

age_length[AgeLength].Linf {list}
value: 26.3769
initial_value: 25.99
phase: 1
hyperparameters: none
hyperparameter_values: 0
std_dev: 0.286924
estimation_phase: 
label: 
lower_bound: 10 
mcmc_fixed: 
parameter: age_length[AgeLength].Linf 
same: 
type: uniform 
upper_bound: 35 
{end_list}

age_length[AgeLength].k {list}
value: 0.452272
initial_value: 0.377
phase: 1
hyperparameters: none
hyperparameter_values: 0
std_dev: 0.0117102
estimation_phase: 
label: 
lower_bound: 0.2 
mcmc_fixed: 
parameter: age_length[AgeLength].k 
same: 
type: uniform 
upper_bound: 0.8 
{end_list}

time_varying[M_time_var_Male].values{1994} {list}
value: 0.602529
initial_value: 0.8
phase: 1
hyperparameters: mu cv
hyperparameter_values: 0.8 0.3
std_dev: 0.0247876
cv: 0.3 
estimation_phase: 
label: M_varying_94_04_Male 
lower_bound: 0.2 
mcmc_fixed: 
mu: 0.8 
parameter: time_varying[M_time_var_Male].values{1994} 
same: 
type: normal 
upper_bound: 1.5 
{end_list}

time_varying[M_time_var_Male].values{2015} {list}
value: 1.00138
initial_value: 0.8
phase: 1
hyperparameters: mu cv
hyperparameter_values: 0.8 0.3
std_dev: 0.0307315
cv: 0.3 
estimation_phase: 
label: M_varying_15_23_Male 
lower_bound: 0.2 
mcmc_fixed: 
mu: 0.8 
parameter: time_varying[M_time_var_Male].values{2015} 
same: 
type: normal 
upper_bound: 1.5 
{end_list}

time_varying[M_time_var_Primi].values{1994} {list}
value: 0.809481
initial_value: 0.8
phase: 1
hyperparameters: mu cv
hyperparameter_values: 0.8 0.3
std_dev: 0.0848882
cv: 0.3 
estimation_phase: 
label: M_varying_94_04_Female 
lower_bound: 0.2 
mcmc_fixed: 
mu: 0.8 
parameter: time_varying[M_time_var_Primi].values{1994} 
same: 
type: normal 
upper_bound: 1.5 
{end_list}

time_varying[M_time_var_Primi].values{2015} {list}
value: 0.618963
initial_value: 0.8
phase: 1
hyperparameters: mu cv
hyperparameter_values: 0.8 0.3
std_dev: 0.067149
cv: 0.3 
estimation_phase: 
label: M_varying_15_23_Female 
lower_bound: 0.2 
mcmc_fixed: 
mu: 0.8 
parameter: time_varying[M_time_var_Primi].values{2015} 
same: 
type: normal 
upper_bound: 1.5 
{end_list}

catchability[SurveyqM].q {list}
value: 0.841304
initial_value: 0.5
phase: 1
hyperparameters: mu cv
hyperparameter_values: 0.8 0.1
std_dev: 0.0638869
cv: 0.1 
estimation_phase: 
label: SurveyqM 
lower_bound: 1e-6 
mcmc_fixed: 
mu: 0.8 
parameter: catchability[SurveyqM].q 
same: 
type: normal 
upper_bound: 10 
{end_list}

selectivity[SurveyMale].a50 {list}
value: 21.5155
initial_value: 17.94
phase: 1
hyperparameters: none
hyperparameter_values: 0
std_dev: 0.499521
estimation_phase: 
label: 
lower_bound: 1 
mcmc_fixed: 
parameter: selectivity[SurveyMale].a50 
same: 
type: uniform 
upper_bound: 30 
{end_list}

selectivity[SurveyMale].ato95 {list}
value: 6.39901
initial_value: 3.12
phase: 1
hyperparameters: none
hyperparameter_values: 0
std_dev: 0.371737
estimation_phase: 
label: 
lower_bound: 1 
mcmc_fixed: 
parameter: selectivity[SurveyMale].ato95 
same: 
type: uniform 
upper_bound: 40 
{end_list}

selectivity[FishingMale].a50 {list}
value: 13.7997
initial_value: 19.8
phase: 1
hyperparameters: none
hyperparameter_values: 0
std_dev: 0.444485
estimation_phase: 
label: 
lower_bound: 1 
mcmc_fixed: 
parameter: selectivity[FishingMale].a50 
same: 
type: uniform 
upper_bound: 30 
{end_list}

selectivity[FishingMale].ato95 {list}
value: 1.50734
initial_value: 3.8
phase: 1
hyperparameters: none
hyperparameter_values: 0
std_dev: 0.274772
estimation_phase: 
label: 
lower_bound: 1 
mcmc_fixed: 
parameter: selectivity[FishingMale].ato95 
same: 
type: uniform 
upper_bound: 40 
{end_list}

selectivity[FishingPrimiFemale].alpha {list}
value: 2.53043
initial_value: 1
phase: 1
hyperparameters: none
hyperparameter_values: 0
std_dev: 0.316974
estimation_phase: 
label: 
lower_bound: 0.1 
mcmc_fixed: 
parameter: selectivity[FishingPrimiFemale].alpha 
same: 
type: uniform 
upper_bound: 10 
{end_list}

selectivity[FishingMultiFemale].alpha {list}
value: 3.61941
initial_value: 1
phase: 1
hyperparameters: none
hyperparameter_values: 0
std_dev: 0.534181
estimation_phase: 
label: 
lower_bound: 0.1 
mcmc_fixed: 
parameter: selectivity[FishingMultiFemale].alpha 
same: 
type: uniform 
upper_bound: 10 
{end_list}

*end

*Estimation_result[EstimationResult]
minimiser_values: 10.6788 18.762 1.00001 26.3769 0.452272 0.602529 1.00138 0.809481 0.618963 0.841304 21.5155 6.39901 13.7997 1.50734 2.53043 3.61941 
minimiser: betadiff
type: betadiff
Result {string}
Success
Message {string}
Convergence
*end

*objective_function[ObjectiveFunction]
values {vector}
observation->SurveyLF->1990 28.0372
observation->SurveyLF->1991 25.5683
observation->SurveyLF->1992 31.6551
observation->SurveyLF->1993 23.6673
observation->SurveyLF->1994 25.1277
observation->SurveyLF->1995 20.2708
observation->SurveyLF->1996 24.5367
observation->SurveyLF->1997 23.1175
observation->SurveyLF->1998 26.1862
observation->SurveyLF->1999 22.5143
observation->SurveyLF->2000 24.4571
observation->SurveyLF->2009 23.6925
observation->SurveyLF->2010 21.8202
observation->SurveyLF->2011 23.0275
observation->SurveyLF->2012 23.8805
observation->SurveyLF->2013 23.0028
observation->SurveyLF->2014 22.7372
observation->SurveyLF->2015 22.3383
observation->SurveyLF->2016 22.164
observation->SurveyLF->2017 22.6582
observation->SurveyLF->2018 25.6195
observation->SurveyLF->2019 23.1967
observation->SurveyLF->2020 23.2227
observation->SurveyLF->2021 22.4417
observation->SurveyLF->2022 25.1183
observation->SurveyLF->2023 26.6501
observation->SurveyBioMale->1990 -1.20151
observation->SurveyBioMale->1991 -0.414414
observation->SurveyBioMale->1992 0.890526
observation->SurveyBioMale->1993 0.299403
observation->SurveyBioMale->1994 -0.966651
observation->SurveyBioMale->1995 -1.14958
observation->SurveyBioMale->1996 -1.17796
observation->SurveyBioMale->1997 4.45292
observation->SurveyBioMale->1998 -1.46967
observation->SurveyBioMale->1999 -0.99111
observation->SurveyBioMale->2000 -1.35966
observation->SurveyBioMale->2001 -1.46091
observation->SurveyBioMale->2002 2.8431
observation->SurveyBioMale->2003 0.0764453
observation->SurveyBioMale->2004 -0.570083
observation->SurveyBioMale->2005 -1.71104
observation->SurveyBioMale->2006 -0.71181
observation->SurveyBioMale->2007 -1.54076
observation->SurveyBioMale->2008 -1.42764
observation->SurveyBioMale->2009 -1.34257
observation->SurveyBioMale->2010 -1.35563
observation->SurveyBioMale->2011 -0.172553
observation->SurveyBioMale->2012 -0.99485
observation->SurveyBioMale->2013 -1.04967
observation->SurveyBioMale->2014 -1.04482
observation->SurveyBioMale->2015 -1.1714
observation->SurveyBioMale->2016 -0.411658
observation->SurveyBioMale->2017 -1.45917
observation->SurveyBioMale->2018 -0.0405035
observation->SurveyBioMale->2019 -0.384105
observation->SurveyBioMale->2020 1.97822
observation->SurveyBioMale->2021 -1.09143
observation->SurveyBioMale->2022 1.93832
observation->SurveyBioMale->2023 -0.506647
observation->SurveyBioFemale->1990 7.37056
observation->SurveyBioFemale->1991 -0.0243329
observation->SurveyBioFemale->1992 -0.602233
observation->SurveyBioFemale->1993 5.91406
observation->SurveyBioFemale->1994 -1.59368
observation->SurveyBioFemale->1995 0.115172
observation->SurveyBioFemale->1996 -1.63236
observation->SurveyBioFemale->1997 1.88288
observation->SurveyBioFemale->1998 -0.437564
observation->SurveyBioFemale->1999 -0.938044
observation->SurveyBioFemale->2000 -1.16654
observation->SurveyBioFemale->2001 -1.23367
observation->SurveyBioFemale->2002 7.69539
observation->SurveyBioFemale->2003 0.861729
observation->SurveyBioFemale->2004 -1.38618
observation->SurveyBioFemale->2005 -1.84811
observation->SurveyBioFemale->2006 -1.56692
observation->SurveyBioFemale->2007 0.908891
observation->SurveyBioFemale->2008 0.363106
observation->SurveyBioFemale->2009 -1.41486
observation->SurveyBioFemale->2010 -1.47135
observation->SurveyBioFemale->2011 1.06298
observation->SurveyBioFemale->2012 -1.26052
observation->SurveyBioFemale->2013 -0.409274
observation->SurveyBioFemale->2014 -1.42387
observation->SurveyBioFemale->2015 -1.24323
observation->SurveyBioFemale->2016 -1.20829
observation->SurveyBioFemale->2017 -1.38383
observation->SurveyBioFemale->2018 -0.810342
observation->SurveyBioFemale->2019 -0.372187
observation->SurveyBioFemale->2020 -1.20393
observation->SurveyBioFemale->2021 -0.948105
observation->SurveyBioFemale->2022 -0.548812
observation->SurveyBioFemale->2023 -0.481691
observation->FisheryLF->1990 30.7466
observation->FisheryLF->1991 27.6257
observation->FisheryLF->1992 31.3885
observation->FisheryLF->1993 25.757
observation->FisheryLF->1994 25.0867
observation->FisheryLF->1995 24.2411
observation->FisheryLF->1996 18.6424
observation->FisheryLF->1997 18.1081
observation->FisheryLF->1998 21.2984
observation->FisheryLF->1999 23.5574
observation->FisheryLF->2000 17.8854
observation->FisheryLF->2001 18.4137
observation->FisheryLF->2002 17.0958
observation->FisheryLF->2003 15.0853
observation->FisheryLF->2004 12.3504
observation->FisheryLF->2005 11.4941
observation->FisheryLF->2006 12.8935
observation->FisheryLF->2007 13.3619
observation->FisheryLF->2008 14.9562
observation->FisheryLF->2009 12.6423
observation->FisheryLF->2010 11.7946
observation->FisheryLF->2011 12.8507
observation->FisheryLF->2012 11.6875
observation->FisheryLF->2013 12.8026
observation->FisheryLF->2014 13.6046
observation->FisheryLF->2015 13.6087
observation->FisheryLF->2016 15.1454
observation->FisheryLF->2017 16.7935
observation->FisheryLF->2018 14.9191
observation->FisheryLF->2019 15.6763
observation->FisheryLF->2020 13.1045
observation->FisheryLF->2021 16.3867
observation->FisheryLF->2022 20.0438
penalty->FisheryCatchMustBeTaken 0
prior->parameter_transformation[logRecruitment].log_parameter 0
prior->selectivity[TransitionMale].a50 0
prior->selectivity[TransitionMale].ato95 0
prior->age_length[AgeLength].Linf 0
prior->age_length[AgeLength].k 0
prior->M_varying_94_04_Male->time_varying[M_time_var_Male].values{1994} 0.338498
prior->M_varying_15_23_Male->time_varying[M_time_var_Male].values{2015} 0.352038
prior->M_varying_94_04_Female->time_varying[M_time_var_Primi].values{1994} 0.000780285
prior->M_varying_15_23_Female->time_varying[M_time_var_Primi].values{2015} 0.284499
prior->SurveyqM->catchability[SurveyqM].q 0.13328
prior->selectivity[SurveyMale].a50 0
prior->selectivity[SurveyMale].ato95 0
prior->selectivity[FishingMale].a50 0
prior->selectivity[FishingMale].ato95 0
prior->selectivity[FishingPrimiFemale].alpha 0
prior->selectivity[FishingMultiFemale].alpha 0
jacobian->logRecruitment 0
total_score 1193.73
*end

*hessian_matrix[Hessian]
hessian_matrix {matrix}
9315.49 1073.64 27426.5 -329.582 -2246.28 -20808.7 -7870.7 -5798.02 -4512.48 2903.79 -388.745 -14.0843 -135.086 1162.84 -58.1279 390.722 
1073.64 263.678 1052.83 -50.0957 -1011.17 -2424.67 -811.637 -608.537 -394.389 450.469 -99.4294 29.4356 -11.1093 97.3999 -13.1729 29.6679 
27426.5 1052.83 837422 -1822.17 769.22 -58882.8 -40118.9 -16875.1 -24040.8 -3113.84 1647.89 -972.265 -1377.88 9732.48 -523.749 3100.59 
-329.582 -50.0957 -1822.17 93.7241 1632.6 946.484 393.717 219.683 197.7 -36.617 19.3675 -12.7186 7.95903 -53.5378 12.9336 -14.76 
-2246.28 -1011.17 769.22 1632.6 43220.4 10635.1 1674.83 1991.07 530.609 -801.077 446.971 -339.229 -141.849 367.107 213.47 143.414 
-20808.7 -2424.67 -58882.8 946.484 10635.1 56989.3 15890.6 15543.3 9226.36 -5828.6 756.567 55.9275 293.94 -2467.87 130.086 -813.785 
-7870.7 -811.637 -40118.9 393.717 1674.83 15890.6 12574.2 4321.72 6711.35 -618.614 20.6843 68.0884 213.336 -1591.7 77.7645 -497.511 
-5798.02 -608.537 -16875.1 219.683 1991.07 15543.3 4321.72 4478.9 2500.79 -1633.12 195.385 26.6633 79.4146 -678.837 43.9677 -233.196 
-4512.48 -394.389 -24040.8 197.7 530.609 9226.36 6711.35 2500.79 4033.54 -260.187 -27.442 53.8951 125.526 -926.203 56.3256 -294.406 
2903.79 450.469 -3113.84 -36.617 -801.077 -5828.6 -618.614 -1633.12 -260.187 2223.98 -328.626 45.2648 27.1274 -24.8483 20.1078 5.4884 
-388.745 -99.4294 1647.89 19.3675 446.971 756.567 20.6843 195.385 -27.442 -328.626 76.5389 -28.1364 -6.08517 21.8663 -2.35645 3.95834 
-14.0843 29.4356 -972.265 -12.7186 -339.229 55.9275 68.0884 26.6633 53.8951 45.2648 -28.1364 27.5722 2.01293 -17.4047 -0.937982 -4.8404 
-135.086 -11.1093 -1377.88 7.95903 -141.849 293.94 213.336 79.4146 125.526 27.1274 -6.08517 2.01293 29.149 -74.6927 5.97435 -13.7797 
1162.84 97.3999 9732.48 -53.5378 367.107 -2467.87 -1591.7 -678.837 -926.203 -24.8483 21.8663 -17.4047 -74.6927 391.361 -11.6355 113.293 
-58.1279 -13.1729 -523.749 12.9336 213.47 130.086 77.7645 43.9677 56.3256 20.1078 -2.35645 -0.937982 5.97435 -11.6355 20.5333 -3.27405 
390.722 29.6679 3100.59 -14.76 143.414 -813.785 -497.511 -233.196 -294.406 5.4884 3.95834 -4.8404 -13.7797 113.293 -3.27405 41.4849 
*end

*covariance_matrix[Covariance]
covariance_matrix {matrix}
0.00671701 0.00152508 -6.56413e-06 -0.00151173 1.60247e-05 0.000396582 0.000164985 0.00242554 0.00315591 -0.00305123 0.021411 0.0141859 -0.00940106 -0.00832374 0.00798853 0.00158765 
0.00152508 0.0261049 -1.10149e-05 -0.0264846 0.000881875 0.00191657 0.00171168 -0.00450433 -0.00108803 0.0012063 0.0475251 0.0109386 -0.0185199 -0.0169508 0.0259147 0.0191689 
-6.56413e-06 -1.10149e-05 1.86553e-06 4.23588e-05 -7.1099e-07 -1.98664e-06 -1.12397e-06 1.79929e-06 -3.93796e-06 -5.95383e-06 -0.000107209 -2.64647e-05 -4.34815e-05 -3.56266e-05 6.24319e-06 -3.12096e-05 
-0.00151173 -0.0264846 4.23588e-05 0.0823256 -0.00286924 -0.00254851 -0.00280542 0.00616872 0.00244911 -0.00287796 -0.0584847 -0.0133318 0.011153 0.0197831 -0.0336531 -0.0109304 
1.60247e-05 0.000881875 -7.1099e-07 -0.00286924 0.000137128 4.2439e-05 7.92899e-05 -0.000117058 -7.11224e-05 7.43096e-05 0.00176869 0.000718868 0.000256793 -0.000448369 0.000631643 -0.000337814 
0.000396582 0.00191657 -1.98664e-06 -0.00254851 4.2439e-05 0.000614427 0.000228957 -0.00168984 -0.0002104 -0.000124573 0.00295092 0.000526147 -0.000944802 -0.000657209 0.00318087 -0.000675958 
0.000164985 0.00171168 -1.12397e-06 -0.00280542 7.92899e-05 0.000228957 0.000944427 -0.000576987 -0.0013803 -0.000126611 0.00132458 -0.000198489 0.000184633 -1.34601e-05 0.00251615 -0.00102392 
0.00242554 -0.00450433 1.79929e-06 0.00616872 -0.000117058 -0.00168984 -0.000576987 0.007206 0.00217042 -0.000817789 0.00324952 0.00500176 -0.00267728 -0.0027533 -0.00568138 0.00524578 
0.00315591 -0.00108803 -3.93796e-06 0.00244911 -7.11224e-05 -0.0002104 -0.0013803 0.00217042 0.00450899 -0.00119316 0.011337 0.0082242 -0.00312298 -0.00287595 -0.000553837 0.00279348 
-0.00305123 0.0012063 -5.95383e-06 -0.00287796 7.43096e-05 -0.000124573 -0.000126611 -0.000817789 -0.00119316 0.00408154 0.00719106 0.00257915 0.00138693 0.00173694 -0.00242014 0.00461369 
0.021411 0.0475251 -0.000107209 -0.0584847 0.00176869 0.00295092 0.00132458 0.00324952 0.011337 0.00719106 0.249522 0.138244 -0.0696685 -0.0629869 0.0676648 0.0635204 
0.0141859 0.0109386 -2.64647e-05 -0.0133318 0.000718868 0.000526147 -0.000198489 0.00500176 0.0082242 0.00257915 0.138244 0.138188 -0.0212422 -0.0235599 0.0255921 0.00963557 
-0.00940106 -0.0185199 -4.34815e-05 0.011153 0.000256793 -0.000944802 0.000184633 -0.00267728 -0.00312298 0.00138693 -0.0696685 -0.0212422 0.197567 0.105094 -0.0647421 -0.16792 
-0.00832374 -0.0169508 -3.56266e-05 0.0197831 -0.000448369 -0.000657209 -1.34601e-05 -0.0027533 -0.00287595 0.00173694 -0.0629869 -0.0235599 0.105094 0.0754996 -0.0418783 -0.11872 
0.00798853 0.0259147 6.24319e-06 -0.0336531 0.000631643 0.00318087 0.00251615 -0.00568138 -0.000553837 -0.00242014 0.0676648 0.0255921 -0.0647421 -0.0418783 0.100473 0.0459515 
0.00158765 0.0191689 -3.12096e-05 -0.0109304 -0.000337814 -0.000675958 -0.00102392 0.00524578 0.00279348 0.00461369 0.0635204 0.00963557 -0.16792 -0.11872 0.0459515 0.28535 
*end

*correlation_matrix[Correlation]
correlation_matrix {matrix}
1 0.115171 -0.0586392 -0.0642864 0.016697 0.195214 0.0655047 0.348637 0.573451 -0.582741 0.522993 0.465623 -0.258067 -0.369623 0.307507 0.0362641 
0.115171 1 -0.0499136 -0.5713 0.466104 0.478552 0.344729 -0.328415 -0.100286 0.116865 0.588855 0.182123 -0.257882 -0.381819 0.506012 0.2221 
-0.0586392 -0.0499136 1 0.108087 -0.0444528 -0.058679 -0.0267774 0.0155186 -0.0429368 -0.0682312 -0.157135 -0.0521231 -0.071622 -0.0949294 0.0144205 -0.0427758 
-0.0642864 -0.5713 0.108087 1 -0.853956 -0.358331 -0.31816 0.253268 0.127116 -0.157002 -0.408057 -0.124993 0.0874511 0.250931 -0.370027 -0.071315 
0.016697 0.466104 -0.0444528 -0.853956 1 0.146206 0.220328 -0.117758 -0.0904489 0.0993275 0.302367 0.165139 0.0493359 -0.139348 0.17017 -0.0540039 
0.195214 0.478552 -0.058679 -0.358331 0.146206 1 0.300563 -0.80309 -0.126407 -0.0786643 0.238324 0.0571 -0.0857529 -0.096493 0.404843 -0.05105 
0.0655047 0.344729 -0.0267774 -0.31816 0.220328 0.300563 1 -0.221174 -0.668884 -0.0644876 0.0862861 -0.0173746 0.0135166 -0.00159401 0.258302 -0.0623725 
0.348637 -0.328415 0.0155186 0.253268 -0.117758 -0.80309 -0.221174 1 0.380766 -0.150793 0.0766333 0.158504 -0.0709561 -0.118041 -0.211146 0.115684 
0.573451 -0.100286 -0.0429368 0.127116 -0.0904489 -0.126407 -0.668884 0.380766 1 -0.278131 0.33799 0.329472 -0.104634 -0.155873 -0.0260206 0.0778785 
-0.582741 0.116865 -0.0682312 -0.157002 0.0993275 -0.0786643 -0.0644876 -0.150793 -0.278131 1 0.225334 0.1086 0.0488412 0.0989462 -0.11951 0.135191 
0.522993 0.588855 -0.157135 -0.408057 0.302367 0.238324 0.0862861 0.0766333 0.33799 0.225334 1 0.744487 -0.31378 -0.458906 0.427351 0.238051 
0.465623 0.182123 -0.0521231 -0.124993 0.165139 0.0571 -0.0173746 0.158504 0.329472 0.1086 0.744487 1 -0.12856 -0.230656 0.217193 0.0485236 
-0.258067 -0.257882 -0.071622 0.0874511 0.0493359 -0.0857529 0.0135166 -0.0709561 -0.104634 0.0488412 -0.31378 -0.12856 1 0.860496 -0.459521 -0.707223 
-0.369623 -0.381819 -0.0949294 0.250931 -0.139348 -0.096493 -0.00159401 -0.118041 -0.155873 0.0989462 -0.458906 -0.230656 0.860496 1 -0.480831 -0.808844 
0.307507 0.506012 0.0144205 -0.370027 0.17017 0.404843 0.258302 -0.211146 -0.0260206 -0.11951 0.427351 0.217193 -0.459521 -0.480831 1 0.271386 
0.0362641 0.2221 -0.0427758 -0.071315 -0.0540039 -0.05105 -0.0623725 0.115684 0.0778785 0.135191 0.238051 0.0485236 -0.707223 -0.808844 0.271386 1 
*end

*Category_list[CategoryList]
Male {list}
min_age: 1
max_age: 10
