*mcmc_objective[MCMCObjective]
starting_covariance_matrix {matrix}
parameter_transformation[logRecruitment].log_parameter selectivity[TransitionMale].a50 selectivity[TransitionMale].ato95 age_length[AgeLength].Linf age_length[AgeLength].k time_varying[M_time_var_Male].values{1994} time_varying[M_time_var_Male].values{2015} time_varying[M_time_var_Primi].values{1994} time_varying[M_time_var_Primi].values{2015} catchability[SurveyqM].q selectivity[SurveyMale].a50 selectivity[SurveyMale].ato95 selectivity[FishingMale].a50 selectivity[FishingMale].ato95 selectivity[FishingPrimiFemale].alpha selectivity[FishingMultiFemale].alpha
0.00671701 0.00152508 -6.56413e-06 -0.00151173 1.60247e-05 0.000396582 0.000164985 0.00242554 0.00315591 -0.00305123 0.021411 0.0141859 -0.00940106 -0.00832374 0.00798853 0.00158765
0.00152508 0.0261049 -1.10149e-05 -0.0264846 0.000881875 0.00191657 0.00171168 -0.00450433 -0.00108803 0.0012063 0.0475251 0.0109386 -0.0185199 -0.0169508 0.0259147 0.0191689
-6.56413e-06 -1.10149e-05 0.0039 4.23588e-05 -7.1099e-07 -1.98664e-06 -1.12397e-06 1.79929e-06 -3.93796e-06 -5.95383e-06 -0.000107209 -2.64647e-05 -4.34815e-05 -3.56266e-05 6.24319e-06 -3.12096e-05
-0.00151173 -0.0264846 4.23588e-05 0.0823256 -0.00268795 -0.00254851 -0.00280542 0.00616872 0.00244911 -0.00287796 -0.0584847 -0.0133318 0.011153 0.0197831 -0.0336531 -0.0109304
1.60247e-05 0.000881875 -7.1099e-07 -0.00268795 0.000137128 4.2439e-05 7.92899e-05 -0.000117058 -7.11224e-05 7.43096e-05 0.00176869 0.000718868 0.000256793 -0.000448369 0.000631643 -0.000337814
0.000396582 0.00191657 -1.98664e-06 -0.00254851 4.2439e-05 0.000614427 0.000228957 -0.00168334 -0.0002104 -0.000124573 0.00295092 0.000526147 -0.000944802 -0.000657209 0.00318087 -0.000675958
0.000164985 0.00171168 -1.12397e-06 -0.00280542 7.92899e-05 0.000228957 0.000944427 -0.000576987 -0.0013803 -0.000126611 0.00132458 -0.000198489 0.000184633 -1.34601e-05 0.00251615 -0.00102392
0.00242554 -0.00450433 1.79929e-06 0.00616872 -0.000117058 -0.00168334 -0.000576987 0.007206 0.00217042 -0.000817789 0.00324952 0.00500176 -0.00267728 -0.0027533 -0.00568138 0.00524578
0.00315591 -0.00108803 -3.93796e-06 0.00244911 -7.11224e-05 -0.0002104 -0.0013803 0.00217042 0.00450899 -0.00119316 0.011337 0.0082242 -0.00312298 -0.00287595 -0.000553837 0.00279348
-0.00305123 0.0012063 -5.95383e-06 -0.00287796 7.43096e-05 -0.000124573 -0.000126611 -0.000817789 -0.00119316 0.00408154 0.00719106 0.00257915 0.00138693 0.00173694 -0.00242014 0.00461369
0.021411 0.0475251 -0.000107209 -0.0584847 0.00176869 0.00295092 0.00132458 0.00324952 0.011337 0.00719106 0.249522 0.138244 -0.0696685 -0.0629869 0.0676648 0.0635204
0.0141859 0.0109386 -2.64647e-05 -0.0133318 0.000718868 0.000526147 -0.000198489 0.00500176 0.0082242 0.00257915 0.138244 0.138188 -0.0212422 -0.0235599 0.0255921 0.00963557
-0.00940106 -0.0185199 -4.34815e-05 0.011153 0.000256793 -0.000944802 0.000184633 -0.00267728 -0.00312298 0.00138693 -0.0696685 -0.0212422 0.197567 0.0977056 -0.0647421 -0.16792
-0.00832374 -0.0169508 -3.56266e-05 0.0197831 -0.000448369 -0.000657209 -1.34601e-05 -0.0027533 -0.00287595 0.00173694 -0.0629869 -0.0235599 0.0977056 0.0754996 -0.0418783 -0.117422
0.00798853 0.0259147 6.24319e-06 -0.0336531 0.000631643 0.00318087 0.00251615 -0.00568138 -0.000553837 -0.00242014 0.0676648 0.0255921 -0.0647421 -0.0418783 0.100473 0.0459515
0.00158765 0.0191689 -3.12096e-05 -0.0109304 -0.000337814 -0.000675958 -0.00102392 0.00524578 0.00279348 0.00461369 0.0635204 0.00963557 -0.16792 -0.117422 0.0459515 0.28535
samples {dataframe}
sample state objective_score prior likelihood penalties additional_priors jacobians step_size acceptance_rate acceptance_rate_since_adapt
1 initialisation 1196.4 2.03797 1194.36 0 0 0 0.02 0 0
1000 burn_in 1198.46 1.42128 1197.03 0 0 0 0.02 0.934 0.934
2000 burn_in 1198.28 0.969329 1197.31 0 0 0 0.02 0.9375 0.9375
3000 burn_in 1200.03 0.73649 1199.3 0 0 0 0.02 0.93 0.93
4000 burn_in 1205.26 1.01797 1204.24 0 0 0 0.02 0.92825 0.92825
5000 burn_in 1203.15 0.763221 1202.39 0 0 0 0.02 0.9242 0.9242
6000 burn_in 1198.59 1.43008 1197.16 0 0 0 0.02 0.923833 0.923833
7000 burn_in 1198.78 1.21253 1197.56 0 0 0 0.02 0.926571 0.926571
8000 burn_in 1198.26 1.41936 1196.84 0 0 0 0.02 0.92575 0.92575
9000 burn_in 1199.18 0.968813 1198.21 0 0 0 0.02 0.927 0.927
10000 burn_in 1203.01 1.6235 1201.39 0 0 0 0.02 0.9261 0.9261
11000 burn_in 1201.67 1.4483 1200.22 0 0 0 0.02 0.926636 0.926636
12000 burn_in 1199.73 1.7147 1198.02 0 0 0 0.02 0.927167 0.927167
13000 burn_in 1197.73 0.870362 1196.86 0 0 0 0.02 0.926538 0.926538
14000 burn_in 1199.1 0.730067 1198.37 0 0 0 0.02 0.926214 0.926214
15000 burn_in 1203.82 0.539571 1203.28 0 0 0 0.02 0.924533 0.924533
16000 burn_in 1198.91 1.99831 1196.91 0 0 0 0.02 0.92375 0.92375
17000 burn_in 1198.57 3.60022 1194.97 0 0 0 0.02 0.924529 0.924529
18000 burn_in 1200.35 4.35955 1195.99 0 0 0 0.02 0.924611 0.924611
19000 burn_in 1203.29 2.38449 1200.91 0 0 0 0.02 0.924158 0.924158
20000 burn_in 1199.75 1.32831 1198.43 0 0 0 0.02 0.92415 0.92415
21000 burn_in 1209.16 1.61936 1207.54 0 0 0 0.02 0.923048 0.923048
22000 burn_in 1202.72 3.2786 1199.44 0 0 0 0.02 0.921955 0.921955
23000 burn_in 1201.17 2.15448 1199.01 0 0 0 0.02 0.922087 0.922087
24000 burn_in 1200.05 1.35433 1198.7 0 0 0 0.02 0.922 0.922
25000 burn_in 1199.77 2.21934 1197.55 0 0 0 0.02 0.92204 0.92204
26000 burn_in 1202.45 1.63409 1200.82 0 0 0 0.02 0.922308 0.922308
27000 burn_in 1203.46 2.71883 1200.74 0 0 0 0.02 0.922556 0.922556
28000 burn_in 1199.03 0.950212 1198.08 0 0 0 0.02 0.922214 0.922214
29000 burn_in 1199.85 1.19844 1198.65 0 0 0 0.02 0.921897 0.921897
30000 burn_in 1202.03 1.33955 1200.69 0 0 0 0.02 0.921367 0.921367
31000 burn_in 1203.85 1.87013 1201.98 0 0 0 0.02 0.921323 0.921323
32000 burn_in 1202.01 1.5471 1200.46 0 0 0 0.02 0.921469 0.921469
33000 burn_in 1202.71 0.84361 1201.87 0 0 0 0.02 0.921333 0.921333
34000 burn_in 1201.76 1.13284 1200.62 0 0 0 0.02 0.921441 0.921441
35000 burn_in 1198.03 1.66518 1196.37 0 0 0 0.02 0.921657 0.921657
36000 burn_in 1213.24 3.42823 1209.81 0 0 0 0.02 0.921417 0.921417
37000 burn_in 1206.25 2.21556 1204.04 0 0 0 0.02 0.920541 0.920541
38000 burn_in 1202.8 2.73286 1200.07 0 0 0 0.02 0.920658 0.920658
39000 burn_in 1206.35 1.11356 1205.24 0 0 0 0.02 0.920744 0.920744
40000 burn_in 1204.8 0.884853 1203.92 0 0 0 0.02 0.921025 0.921025
41000 burn_in 1199.26 1.64484 1197.61 0 0 0 0.02 0.92139 0.92139
42000 burn_in 1201.54 1.14008 1200.4 0 0 0 0.02 0.921262 0.921262
43000 burn_in 1200.02 1.00357 1199.02 0 0 0 0.02 0.920791 0.920791
44000 burn_in 1198.83 0.68949 1198.14 0 0 0 0.02 0.920545 0.920545
45000 burn_in 1203.49 0.868935 1202.63 0 0 0 0.02 0.920489 0.920489
46000 burn_in 1203.39 1.58711 1201.8 0 0 0 0.02 0.920674 0.920674
47000 burn_in 1198.55 0.955257 1197.59 0 0 0 0.02 0.921064 0.921064
48000 burn_in 1198.77 1.4064 1197.37 0 0 0 0.02 0.921021 0.921021
49000 burn_in 1203.9 1.41209 1202.49 0 0 0 0.02 0.921347 0.921347
50000 burn_in 1204.52 2.88541 1201.63 0 0 0 0.02 0.92134 0.92134
51000 burn_in 1205.02 1.55896 1203.46 0 0 0 0.0767783 0.916863 0.693
52000 burn_in 1203.98 3.04253 1200.94 0 0 0 0.0767783 0.913192 0.7095
53000 burn_in 1203.12 0.607903 1202.51 0 0 0 0.0767783 0.90917 0.706333
54000 burn_in 1200.81 1.2115 1199.6 0 0 0 0.0767783 0.904852 0.69875
55000 burn_in 1200.51 1.41902 1199.09 0 0 0 0.0767783 0.901655 0.7048
56000 burn_in 1203.2 1.11144 1202.09 0 0 0 0.0767783 0.898661 0.709667
57000 burn_in 1207.84 3.21721 1204.62 0 0 0 0.0767783 0.895825 0.713571
58000 burn_in 1197.97 1.24095 1196.73 0 0 0 0.0767783 0.89231 0.710875
59000 burn_in 1199.86 1.27703 1198.58 0 0 0 0.0767783 0.889695 0.713889
60000 burn_in 1201.97 2.53931 1199.43 0 0 0 0.0767783 0.886583 0.7128
61000 burn_in 1205.45 1.1972 1204.25 0 0 0 0.0767783 0.883738 0.712818
62000 burn_in 1198.85 1.00909 1197.84 0 0 0 0.0767783 0.88121 0.714
63000 burn_in 1196.79 1.07952 1195.71 0 0 0 0.0767783 0.87827 0.712615
64000 burn_in 1204.66 1.17384 1203.48 0 0 0 0.0767783 0.875672 0.712571
65000 burn_in 1201.75 2.50294 1199.24 0 0 0 0.0767783 0.872954 0.711667
66000 burn_in 1198.82 2.83643 1195.99 0 0 0 0.0767783 0.871121 0.714187
67000 burn_in 1205.66 2.04557 1203.61 0 0 0 0.0767783 0.869149 0.715647
68000 burn_in 1203.42 1.53929 1201.88 0 0 0 0.0767783 0.867103 0.716444
69000 burn_in 1203.74 0.690444 1203.05 0 0 0 0.0767783 0.864841 0.716158
70000 burn_in 1203.4 2.7387 1200.66 0 0 0 0.0767783 0.862543 0.71555
71000 burn_in 1199.01 1.24584 1197.77 0 0 0 0.0767783 0.860676 0.716238
72000 burn_in 1200.04 1.1311 1198.91 0 0 0 0.0767783 0.858806 0.716682
73000 burn_in 1200.68 2.22402 1198.46 0 0 0 0.0767783 0.857356 0.718261
74000 burn_in 1201.99 2.20752 1199.78 0 0 0 0.0767783 0.855568 0.718542
75000 burn_in 1197.33 2.3936 1194.93 0 0 0 0.0767783 0.85372 0.71848
76000 burn_in 1205.26 0.711059 1204.55 0 0 0 0.0767783 0.852 0.718654
77000 burn_in 1200.82 2.90904 1197.91 0 0 0 0.0767783 0.850636 0.719704
78000 burn_in 1203.23 1.08476 1202.15 0 0 0 0.0767783 0.848872 0.719464
79000 burn_in 1200.16 1.3524 1198.8 0 0 0 0.0767783 0.847633 0.720552
80000 burn_in 1197.75 1.22818 1196.52 0 0 0 0.0767783 0.84615 0.720833
81000 burn_in 1204.01 2.20202 1201.81 0 0 0 0.0767783 0.844691 0.721065
82000 burn_in 1201.41 1.33049 1200.08 0 0 0 0.0767783 0.843134 0.720938
83000 burn_in 1202.98 0.531451 1202.45 0 0 0 0.0767783 0.841807 0.721303
84000 burn_in 1197.59 1.77747 1195.82 0 0 0 0.0767783 0.84044 0.721471
85000 burn_in 1200.67 1.35466 1199.31 0 0 0 0.0767783 0.839176 0.7218
86000 burn_in 1201.68 3.50413 1198.18 0 0 0 0.0767783 0.837988 0.722222
87000 burn_in 1199.13 1.8878 1197.24 0 0 0 0.0767783 0.837046 0.723135
88000 burn_in 1199.68 1.1903 1198.49 0 0 0 0.0767783 0.836011 0.723737
89000 burn_in 1201.47 0.885332 1200.58 0 0 0 0.0767783 0.834663 0.723538
90000 burn_in 1205.09 2.16225 1202.93 0 0 0 0.0767783 0.833256 0.72315
91000 burn_in 1202.9 2.51419 1200.39 0 0 0 0.0767783 0.832055 0.723171
92000 burn_in 1205.11 0.811538 1204.3 0 0 0 0.0767783 0.830761 0.722929
93000 burn_in 1201.37 1.12321 1200.25 0 0 0 0.0767783 0.829495 0.722698
94000 burn_in 1198.15 0.862316 1197.29 0 0 0 0.0767783 0.828383 0.72275
95000 burn_in 1200.27 1.06558 1199.2 0 0 0 0.0767783 0.827168 0.722533
96000 burn_in 1199.67 0.640109 1199.03 0 0 0 0.0767783 0.826281 0.722957
97000 burn_in 1203.68 1.42165 1202.25 0 0 0 0.0767783 0.825165 0.722851
98000 burn_in 1199.15 1.40549 1197.74 0 0 0 0.0767783 0.824388 0.723396
99000 burn_in 1197.92 1.04483 1196.87 0 0 0 0.0767783 0.823535 0.723735
100000 burn_in 1205.05 1.79222 1203.26 0 0 0 0.0767783 0.82265 0.72396
101000 burn_in 1202.42 1.5735 1200.84 0 0 0 0.231602 0.818356 0.389
102000 burn_in 1203.34 1.32792 1202.01 0 0 0 0.231602 0.813833 0.373
103000 burn_in 1202.43 1.46667 1200.96 0 0 0 0.231602 0.809495 0.371
104000 burn_in 1200.67 1.64722 1199.02 0 0 0 0.231602 0.805144 0.3675
105000 burn_in 1201.19 1.1185 1200.07 0 0 0 0.231602 0.801162 0.3714
106000 burn_in 1210.16 0.790069 1209.37 0 0 0 0.231602 0.797132 0.371833
107000 burn_in 1200.65 1.21371 1199.44 0 0 0 0.231602 0.792888 0.367714
108000 burn_in 1205.07 0.932202 1204.14 0 0 0 0.231602 0.789176 0.37075
109000 burn_in 1201.3 0.872838 1200.43 0 0 0 0.231602 0.785284 0.370111
110000 burn_in 1203.45 1.26207 1202.19 0 0 0 0.231602 0.781591 0.371
111000 burn_in 1204.72 1.10023 1203.62 0 0 0 0.231602 0.777694 0.369
112000 burn_in 1202.44 0.936797 1201.51 0 0 0 0.231602 0.774045 0.369
113000 burn_in 1201.57 0.667258 1200.91 0 0 0 0.231602 0.770637 0.370538
114000 burn_in 1199.28 1.15762 1198.12 0 0 0 0.231602 0.766982 0.369357
115000 burn_in 1198.52 1.93795 1196.58 0 0 0 0.231602 0.763504 0.3692
116000 burn_in 1209.79 0.993402 1208.8 0 0 0 0.231602 0.760078 0.369
117000 burn_in 1198.7 0.819197 1197.88 0 0 0 0.231602 0.757 0.370824
118000 burn_in 1198.41 1.23188 1197.17 0 0 0 0.231602 0.753746 0.370944
119000 burn_in 1199.59 1.90225 1197.69 0 0 0 0.231602 0.750555 0.371105
120000 burn_in 1198.14 2.0033 1196.13 0 0 0 0.231602 0.747333 0.37075
121000 burn_in 1199.01 0.884266 1198.12 0 0 0 0.231602 0.744364 0.371571
122000 burn_in 1202.73 1.42945 1201.3 0 0 0 0.231602 0.741607 0.373227
123000 burn_in 1201.5 1.16501 1200.34 0 0 0 0.231602 0.738829 0.374391
124000 burn_in 1198.72 0.887363 1197.84 0 0 0 0.231602 0.73579 0.373875
125000 burn_in 1200.04 1.083 1198.95 0 0 0 0.231602 0.733032 0.37456
126000 burn_in 1198.78 1.16734 1197.61 0 0 0 0.231602 0.73023 0.374769
127000 burn_in 1202.47 0.6556 1201.82 0 0 0 0.231602 0.727465 0.374926
128000 burn_in 1203.02 1.26311 1201.75 0 0 0 0.231602 0.724734 0.375036
129000 burn_in 1201.61 1.35353 1200.26 0 0 0 0.231602 0.721729 0.373724
130000 burn_in 1202.31 1.77494 1200.54 0 0 0 0.231602 0.719223 0.374467
131000 burn_in 1203.21 2.02487 1201.19 0 0 0 0.231602 0.71687 0.375645
132000 burn_in 1200.01 1.6377 1198.37 0 0 0 0.231602 0.714114 0.374937
133000 burn_in 1202.28 0.95462 1201.33 0 0 0 0.231602 0.711429 0.374394
134000 burn_in 1201.7 1.81357 1199.88 0 0 0 0.231602 0.708925 0.374441
135000 burn_in 1207.6 0.87141 1206.73 0 0 0 0.231602 0.706526 0.374743
136000 burn_in 1202.17 1.78602 1200.38 0 0 0 0.231602 0.704096 0.374778
137000 burn_in 1201.67 3.11809 1198.55 0 0 0 0.231602 0.701847 0.375351
138000 burn_in 1203.19 1.52735 1201.67 0 0 0 0.231602 0.699514 0.375474
139000 burn_in 1202.92 1.79844 1201.12 0 0 0 0.231602 0.69718 0.375462
140000 burn_in 1204.73 3.11543 1201.61 0 0 0 0.231602 0.694907 0.37555
141000 burn_in 1197.87 0.985397 1196.88 0 0 0 0.231602 0.692638 0.375537
142000 burn_in 1198.48 1.25926 1197.22 0 0 0 0.231602 0.690324 0.375262
143000 burn_in 1198.86 1.49642 1197.37 0 0 0 0.231602 0.687993 0.374837
144000 burn_in 1202.37 1.94106 1200.43 0 0 0 0.231602 0.685833 0.374886
145000 burn_in 1198.75 2.26584 1196.48 0 0 0 0.231602 0.683634 0.374711
146000 burn_in 1199.63 1.03512 1198.6 0 0 0 0.231602 0.681473 0.374565
147000 burn_in 1205.08 1.62782 1203.45 0 0 0 0.231602 0.679639 0.375362
148000 burn_in 1200.48 0.975247 1199.5 0 0 0 0.231602 0.677649 0.375563
149000 burn_in 1201.41 1.34852 1200.06 0 0 0 0.231602 0.675564 0.375388
150000 burn_in 1203.46 1.84867 1201.61 0 0 0 0.231602 0.67374 0.37592
151000 burn_in 1202.51 0.765414 1201.74 0 0 0 0.231602 0.671755 0.375882
152000 burn_in 1200.62 0.877438 1199.74 0 0 0 0.231602 0.669842 0.375981
153000 burn_in 1203.15 0.433972 1202.71 0 0 0 0.231602 0.667712 0.375377
154000 burn_in 1201.82 1.22968 1200.59 0 0 0 0.231602 0.665942 0.375741
155000 burn_in 1201.66 1.17397 1200.48 0 0 0 0.231602 0.664065 0.375727
156000 burn_in 1202.97 1.83415 1201.13 0 0 0 0.231602 0.662365 0.376143
157000 burn_in 1199.66 1.60252 1198.06 0 0 0 0.231602 0.660382 0.375702
158000 burn_in 1198.72 1.51705 1197.21 0 0 0 0.231602 0.658627 0.375828
159000 burn_in 1200.57 1.64012 1198.93 0 0 0 0.231602 0.656918 0.376017
160000 burn_in 1203.24 2.19914 1201.04 0 0 0 0.231602 0.655144 0.375967
161000 burn_in 1202.2 0.66303 1201.54 0 0 0 0.231602 0.653342 0.375787
162000 burn_in 1199.72 0.736466 1198.98 0 0 0 0.231602 0.651747 0.376097
163000 burn_in 1200.9 0.729186 1200.17 0 0 0 0.231602 0.650043 0.376063
164000 burn_in 1203.2 0.902122 1202.3 0 0 0 0.231602 0.648463 0.376297
165000 burn_in 1200.73 1.0323 1199.69 0 0 0 0.231602 0.646836 0.376354
166000 burn_in 1200.74 1.25974 1199.48 0 0 0 0.231602 0.645271 0.376515
167000 burn_in 1199.25 0.998333 1198.25 0 0 0 0.231602 0.643826 0.376925
168000 burn_in 1201.9 1.16511 1200.74 0 0 0 0.231602 0.64222 0.376882
169000 burn_in 1199.08 1.97899 1197.1 0 0 0 0.231602 0.640811 0.377275
170000 burn_in 1199.28 1.58193 1197.7 0 0 0 0.231602 0.639347 0.377486
171000 burn_in 1203.41 0.64303 1202.77 0 0 0 0.231602 0.63786 0.377592
172000 burn_in 1200.98 2.38043 1198.6 0 0 0 0.231602 0.636238 0.377333
173000 burn_in 1202.1 0.953853 1201.14 0 0 0 0.231602 0.634728 0.377301
174000 burn_in 1203.5 1.57564 1201.93 0 0 0 0.231602 0.63323 0.377257
175000 burn_in 1202.73 0.946212 1201.78 0 0 0 0.231602 0.631697 0.377093
176000 burn_in 1199.09 0.783327 1198.31 0 0 0 0.231602 0.630131 0.376816
177000 burn_in 1202.76 0.938176 1201.82 0 0 0 0.231602 0.628638 0.376675
178000 burn_in 1200.86 0.972294 1199.88 0 0 0 0.231602 0.627371 0.377013
179000 burn_in 1203.18 1.39774 1201.78 0 0 0 0.231602 0.626034 0.377152
180000 burn_in 1201.9 1.61335 1200.29 0 0 0 0.231602 0.624739 0.37735
181000 burn_in 1197.84 2.13492 1195.7 0 0 0 0.231602 0.62332 0.377235
182000 burn_in 1196.6 1.49461 1195.11 0 0 0 0.231602 0.621989 0.37728
183000 burn_in 1201.96 0.770367 1201.19 0 0 0 0.231602 0.62059 0.377145
184000 burn_in 1203.33 1.33795 1201.99 0 0 0 0.231602 0.619223 0.377048
185000 burn_in 1204.9 1.721 1203.18 0 0 0 0.231602 0.617849 0.376906
186000 burn_in 1201.38 2.84362 1198.53 0 0 0 0.231602 0.616715 0.377256
187000 burn_in 1201.73 1.48406 1200.24 0 0 0 0.231602 0.615439 0.377264
188000 burn_in 1205.68 2.21398 1203.47 0 0 0 0.231602 0.614218 0.377364
189000 burn_in 1198.58 1.27484 1197.3 0 0 0 0.231602 0.613048 0.377539
190000 burn_in 1202.35 0.9138 1201.44 0 0 0 0.231602 0.611795 0.377511
191000 burn_in 1200.4 0.835233 1199.57 0 0 0 0.231602 0.610707 0.377802
192000 burn_in 1206.4 1.02721 1205.37 0 0 0 0.231602 0.609505 0.377826
193000 burn_in 1203.42 1.22955 1202.19 0 0 0 0.231602 0.608435 0.378097
194000 burn_in 1200.36 1.10099 1199.26 0 0 0 0.231602 0.607175 0.377947
195000 burn_in 1208.71 0.589755 1208.12 0 0 0 0.231602 0.605938 0.377821
196000 burn_in 1196.45 1.31775 1195.13 0 0 0 0.231602 0.604918 0.378115
197000 burn_in 1200.92 1.13598 1199.78 0 0 0 0.231602 0.603822 0.378227
198000 burn_in 1206.19 1.37299 1204.82 0 0 0 0.231602 0.602727 0.378316
199000 burn_in 1200.48 0.992043 1199.48 0 0 0 0.231602 0.601688 0.378495
200000 burn_in 1200.93 2.35901 1198.57 0 0 0 0.231602 0.60056 0.37847
201000 burn_in 1204.36 1.63533 1202.73 0 0 0 0.365227 0.598687 0.224
202000 burn_in 1204.93 2.16898 1202.77 0 0 0 0.365227 0.596817 0.2225
203000 burn_in 1203.83 0.866614 1202.96 0 0 0 0.365227 0.594985 0.223333
204000 burn_in 1201.81 2.03756 1199.78 0 0 0 0.365227 0.593044 0.21725
205000 burn_in 1203.6 2.63713 1200.96 0 0 0 0.365227 0.591166 0.2154
206000 burn_in 1198.73 0.64109 1198.09 0 0 0 0.365227 0.589398 0.217333
207000 burn_in 1200.1 1.14783 1198.95 0 0 0 0.365227 0.587493 0.214143
208000 burn_in 1204.45 0.691976 1203.76 0 0 0 0.365227 0.585731 0.215
209000 burn_in 1199.71 1.77401 1197.94 0 0 0 0.365227 0.583962 0.215111
210000 burn_in 1202.51 1.61421 1200.9 0 0 0 0.365227 0.582148 0.2139
211000 burn_in 1201.96 1.9468 1200.02 0 0 0 0.365227 0.580427 0.214364
212000 burn_in 1198.43 0.728672 1197.7 0 0 0 0.365227 0.578755 0.215333
213000 burn_in 1202.71 0.884231 1201.83 0 0 0 0.365227 0.577005 0.214615
214000 burn_in 1199.24 2.02381 1197.21 0 0 0 0.365227 0.575266 0.213929
215000 burn_in 1201.48 2.83072 1198.65 0 0 0 0.365227 0.573521 0.213
216000 burn_in 1204.9 1.2362 1203.67 0 0 0 0.365227 0.571898 0.213625
217000 burn_in 1203.26 2.2381 1201.02 0 0 0 0.365227 0.570304 0.214353
218000 burn_in 1202.77 1.81396 1200.96 0 0 0 0.365227 0.568624 0.213778
219000 burn_in 1202.67 1.207 1201.46 0 0 0 0.365227 0.566995 0.213684
220000 burn_in 1202.73 1.5807 1201.15 0 0 0 0.365227 0.565223 0.21185
221000 burn_in 1201.3 1.14161 1200.16 0 0 0 0.365227 0.563597 0.211571
222000 burn_in 1204.72 1.25097 1203.47 0 0 0 0.365227 0.561937 0.210818
223000 burn_in 1202.03 1.50448 1200.52 0 0 0 0.365227 0.560274 0.209957
224000 burn_in 1203.04 1.83053 1201.21 0 0 0 0.365227 0.558786 0.210667
225000 burn_in 1200.71 1.13135 1199.58 0 0 0 0.365227 0.557267 0.21092
226000 burn_in 1201.18 2.69905 1198.48 0 0 0 0.365227 0.555721 0.210808
227000 burn_in 1200.4 0.672058 1199.73 0 0 0 0.365227 0.554238 0.211111
228000 burn_in 1210.05 1.23449 1208.81 0 0 0 0.365227 0.552592 0.209964
229000 burn_in 1202.78 1.35908 1201.42 0 0 0 0.365227 0.55117 0.210552
230000 burn_in 1202.8 1.12437 1201.68 0 0 0 0.365227 0.549665 0.210367
231000 burn_in 1205.59 4.1846 1201.4 0 0 0 0.365227 0.548268 0.210903
232000 burn_in 1202.06 1.10642 1200.95 0 0 0 0.365227 0.546797 0.210781
233000 burn_in 1197.67 1.0691 1196.6 0 0 0 0.365227 0.545421 0.211242
234000 burn_in 1200.72 2.04075 1198.68 0 0 0 0.365227 0.544021 0.211441
235000 burn_in 1202.28 1.25745 1201.02 0 0 0 0.365227 0.542553 0.211086
236000 burn_in 1207.04 1.29683 1205.74 0 0 0 0.365227 0.541267 0.211861
237000 burn_in 1199.04 0.960616 1198.08 0 0 0 0.365227 0.539992 0.212595
238000 burn_in 1206.81 2.01337 1204.79 0 0 0 0.365227 0.538676 0.212974
239000 burn_in 1202.95 0.513231 1202.44 0 0 0 0.365227 0.537251 0.21259
240000 burn_in 1203.9 0.95766 1202.94 0 0 0 0.365227 0.535796 0.211975
241000 burn_in 1206.12 0.951863 1205.17 0 0 0 0.365227 0.534523 0.21239
242000 burn_in 1198.68 1.22728 1197.45 0 0 0 0.365227 0.53319 0.212381
243000 burn_in 1205.13 1.90053 1203.23 0 0 0 0.365227 0.531852 0.212279
244000 burn_in 1198.29 0.905846 1197.38 0 0 0 0.365227 0.530615 0.212682
245000 burn_in 1201.97 0.534493 1201.44 0 0 0 0.365227 0.529286 0.212511
246000 burn_in 1199.59 0.974516 1198.61 0 0 0 0.365227 0.527988 0.212457
247000 burn_in 1200.51 0.961332 1199.55 0 0 0 0.365227 0.526785 0.212851
248000 burn_in 1199.2 0.982778 1198.22 0 0 0 0.365227 0.525657 0.213562
249000 burn_in 1205.28 1.89163 1203.38 0 0 0 0.365227 0.524414 0.213612
250000 burn_in 1202.89 1.1619 1201.73 0 0 0 0.365227 0.523212 0.21382
251000 burn_in 1202.4 1.51398 1200.89 0 0 0 0.365227 0.521992 0.213882
252000 burn_in 1204.95 2.09416 1202.86 0 0 0 0.365227 0.52069 0.2135
253000 burn_in 1198.75 2.2447 1196.5 0 0 0 0.365227 0.519462 0.213434
254000 burn_in 1199.97 2.15852 1197.81 0 0 0 0.365227 0.51828 0.213537
255000 burn_in 1197.38 0.94344 1196.44 0 0 0 0.365227 0.516961 0.212964
256000 burn_in 1201.76 1.35383 1200.41 0 0 0 0.365227 0.515801 0.213089
257000 burn_in 1202.41 1.16888 1201.24 0 0 0 0.365227 0.514572 0.21286
258000 burn_in 1207.38 1.84318 1205.53 0 0 0 0.365227 0.513512 0.213345
259000 burn_in 1199.66 4.14547 1195.52 0 0 0 0.365227 0.512336 0.213271
260000 burn_in 1200.83 1.61301 1199.22 0 0 0 0.365227 0.51115 0.213117
261000 burn_in 1198.89 1.24327 1197.65 0 0 0 0.365227 0.510065 0.213361
262000 burn_in 1203.87 1.26407 1202.6 0 0 0 0.365227 0.508947 0.213419
263000 burn_in 1200.05 1.05998 1198.99 0 0 0 0.365227 0.50781 0.213365
264000 burn_in 1205.42 6.57648 1198.85 0 0 0 0.365227 0.506693 0.213359
265000 burn_in 1195.54 1.85971 1193.68 0 0 0 0.365227 0.50563 0.213538
266000 burn_in 1203.4 1.52694 1201.87 0 0 0 0.365227 0.50459 0.213773
267000 burn_in 1207.04 0.940813 1206.1 0 0 0 0.365227 0.503577 0.214075
268000 burn_in 1203.03 3.64767 1199.38 0 0 0 0.365227 0.502515 0.214147
269000 burn_in 1204.16 1.56507 1202.59 0 0 0 0.365227 0.501439 0.21413
270000 burn_in 1199.99 1.62151 1198.36 0 0 0 0.365227 0.500396 0.214214
271000 burn_in 1203.81 1.90292 1201.91 0 0 0 0.365227 0.499354 0.214268
272000 burn_in 1197.32 1.37887 1195.94 0 0 0 0.365227 0.498335 0.214375
273000 burn_in 1202.49 0.608582 1201.88 0 0 0 0.365227 0.497297 0.214384
274000 burn_in 1205.5 2.21799 1203.28 0 0 0 0.365227 0.496223 0.21423
275000 burn_in 1201.22 0.793169 1200.43 0 0 0 0.365227 0.495105 0.213893
276000 burn_in 1202.05 2.43101 1199.62 0 0 0 0.365227 0.49412 0.214013
277000 burn_in 1201.07 1.71122 1199.35 0 0 0 0.365227 0.493137 0.214117
278000 burn_in 1203.26 3.43377 1199.83 0 0 0 0.365227 0.492176 0.214269
279000 burn_in 1204.47 0.90751 1203.56 0 0 0 0.365227 0.491129 0.214089
280000 burn_in 1203.59 1.58928 1202 0 0 0 0.365227 0.49015 0.214125
281000 burn_in 1202.92 1.7566 1201.16 0 0 0 0.365227 0.489157 0.214086
282000 burn_in 1199.6 1.73682 1197.86 0 0 0 0.365227 0.488149 0.213976
283000 burn_in 1199.39 1.77319 1197.61 0 0 0 0.365227 0.487117 0.213759
284000 burn_in 1204.27 1.7014 1202.57 0 0 0 0.365227 0.486109 0.213607
285000 burn_in 1197.06 1.49092 1195.57 0 0 0 0.365227 0.485161 0.213635
286000 burn_in 1205.56 1.39051 1204.17 0 0 0 0.365227 0.484192 0.21357
287000 burn_in 1201.33 1.37541 1199.96 0 0 0 0.365227 0.483181 0.213345
288000 burn_in 1204.5 1.87756 1202.62 0 0 0 0.365227 0.482229 0.213295
289000 burn_in 1207.64 3.6948 1203.95 0 0 0 0.365227 0.481322 0.213371
290000 burn_in 1202.52 1.94831 1200.57 0 0 0 0.365227 0.48041 0.213411
291000 burn_in 1197.18 1.11477 1196.06 0 0 0 0.365227 0.479419 0.213176
292000 burn_in 1199.24 0.682723 1198.56 0 0 0 0.365227 0.478418 0.212891
293000 burn_in 1203.8 1.53645 1202.27 0 0 0 0.365227 0.477491 0.212828
294000 burn_in 1200.38 1.44189 1198.94 0 0 0 0.365227 0.47666 0.213043
295000 burn_in 1202.42 1.457 1200.96 0 0 0 0.365227 0.475814 0.213189
296000 burn_in 1207.21 1.28871 1205.92 0 0 0 0.365227 0.474959 0.213292
297000 burn_in 1201.37 1.59733 1199.77 0 0 0 0.365227 0.474003 0.213062
298000 burn_in 1208.81 2.5724 1206.23 0 0 0 0.365227 0.473138 0.213092
299000 burn_in 1202.84 4.25074 1198.59 0 0 0 0.365227 0.472278 0.213121
300000 burn_in 1197.17 2.43195 1194.74 0 0 0 0.365227 0.471453 0.21324
301000 burn_in 1198.32 1.09346 1197.22 0 0 0 0.365227 0.470638 0.213366
302000 burn_in 1205.7 0.914292 1204.79 0 0 0 0.365227 0.469742 0.213235
303000 burn_in 1198.78 0.723699 1198.06 0 0 0 0.365227 0.468809 0.212981
304000 burn_in 1203.82 0.964863 1202.86 0 0 0 0.365227 0.467941 0.212904
305000 burn_in 1200.72 1.22331 1199.49 0 0 0 0.365227 0.467098 0.212886
306000 burn_in 1200.51 2.40489 1198.1 0 0 0 0.365227 0.466278 0.212915
307000 burn_in 1201.22 1.48216 1199.74 0 0 0 0.365227 0.465417 0.212813
308000 burn_in 1202.95 1.65042 1201.3 0 0 0 0.365227 0.464679 0.213046
309000 burn_in 1206.66 1.07845 1205.58 0 0 0 0.365227 0.463926 0.21322
310000 burn_in 1198.4 1.11747 1197.29 0 0 0 0.365227 0.463071 0.213091
311000 burn_in 1210.27 1.75871 1208.51 0 0 0 0.365227 0.462277 0.213117
312000 burn_in 1207.69 2.19118 1205.49 0 0 0 0.365227 0.461548 0.213312
313000 burn_in 1199.18 1.30119 1197.88 0 0 0 0.365227 0.460645 0.213009
314000 burn_in 1202.18 0.913962 1201.27 0 0 0 0.365227 0.459796 0.212842
315000 burn_in 1204.95 1.33276 1203.62 0 0 0 0.365227 0.459032 0.212896
316000 burn_in 1201.25 1.21945 1200.03 0 0 0 0.365227 0.458285 0.212983
317000 burn_in 1201.98 0.789824 1201.19 0 0 0 0.365227 0.457486 0.212915
318000 burn_in 1198.4 1.67558 1196.72 0 0 0 0.365227 0.456726 0.212941
319000 burn_in 1202.55 0.589757 1201.96 0 0 0 0.365227 0.456009 0.213067
320000 burn_in 1203.81 1.27759 1202.53 0 0 0 0.365227 0.455316 0.213242
321000 burn_in 1203.04 1.1491 1201.89 0 0 0 0.365227 0.454523 0.21314
322000 burn_in 1199.86 0.545699 1199.31 0 0 0 0.365227 0.45373 0.213025
323000 burn_in 1205.34 1.1604 1204.18 0 0 0 0.365227 0.452929 0.212878
324000 burn_in 1198.65 1.47021 1197.18 0 0 0 0.365227 0.452185 0.212871
325000 burn_in 1200.13 1.57298 1198.56 0 0 0 0.365227 0.451428 0.212816
326000 burn_in 1201.31 1.12309 1200.18 0 0 0 0.365227 0.45069 0.212802
327000 burn_in 1200.22 2.21446 1198 0 0 0 0.365227 0.449914 0.212677
328000 burn_in 1208.09 1.02922 1207.06 0 0 0 0.365227 0.449235 0.212789
329000 burn_in 1199.94 1.42484 1198.51 0 0 0 0.365227 0.448532 0.212829
330000 burn_in 1197.57 2.52446 1195.05 0 0 0 0.365227 0.4478 0.212785
331000 burn_in 1203.61 1.82526 1201.79 0 0 0 0.365227 0.4471 0.212809
332000 burn_in 1206.26 0.837682 1205.42 0 0 0 0.365227 0.446473 0.213008
333000 burn_in 1203.11 0.979311 1202.13 0 0 0 0.365227 0.445805 0.21309
334000 burn_in 1203.09 1.38743 1201.7 0 0 0 0.365227 0.445153 0.213201
335000 burn_in 1202.35 0.796509 1201.56 0 0 0 0.365227 0.444504 0.213311
336000 burn_in 1200.68 1.92042 1198.76 0 0 0 0.365227 0.443753 0.213154
337000 burn_in 1199.35 1.48133 1197.86 0 0 0 0.365227 0.443 0.212985
338000 burn_in 1204.44 0.784214 1203.65 0 0 0 0.365227 0.442373 0.213116
339000 burn_in 1203.5 2.20293 1201.3 0 0 0 0.365227 0.441726 0.213187
340000 burn_in 1198.59 1.80859 1196.78 0 0 0 0.365227 0.441156 0.213436
341000 burn_in 1203.65 0.880853 1202.76 0 0 0 0.365227 0.440455 0.213355
342000 burn_in 1201.78 2.16248 1199.62 0 0 0 0.365227 0.439877 0.213563
343000 burn_in 1200.19 1.67327 1198.52 0 0 0 0.365227 0.439245 0.213629
344000 burn_in 1197.59 1.24736 1196.34 0 0 0 0.365227 0.438584 0.213618
345000 burn_in 1203.1 1.93003 1201.17 0 0 0 0.365227 0.437872 0.213476
346000 burn_in 1202.03 0.942529 1201.09 0 0 0 0.365227 0.437353 0.213781
347000 burn_in 1201.15 1.13257 1200.02 0 0 0 0.365227 0.436648 0.213639
348000 burn_in 1202.95 0.953063 1202 0 0 0 0.365227 0.436098 0.213851
349000 burn_in 1198.06 1.95364 1196.11 0 0 0 0.365227 0.435407 0.213725
350000 burn_in 1202.95 3.53726 1199.41 0 0 0 0.365227 0.434783 0.213747
351000 burn_in 1201.87 1.41707 1200.45 0 0 0 0.365227 0.434222 0.213907
352000 burn_in 1198.95 2.51017 1196.44 0 0 0 0.365227 0.433597 0.213908
353000 burn_in 1201.62 1.40341 1200.22 0 0 0 0.365227 0.432946 0.213843
354000 burn_in 1206.94 0.508483 1206.44 0 0 0 0.365227 0.432393 0.213994
355000 burn_in 1200.19 1.17557 1199.02 0 0 0 0.365227 0.43178 0.214
356000 burn_in 1200.97 0.982482 1199.99 0 0 0 0.365227 0.431154 0.213968
357000 burn_in 1199.62 2.43362 1197.19 0 0 0 0.365227 0.430597 0.214083
358000 burn_in 1204.47 1.06069 1203.41 0 0 0 0.365227 0.429927 0.213937
359000 burn_in 1204.24 1.91793 1202.32 0 0 0 0.365227 0.429387 0.214075
360000 burn_in 1200.01 2.26396 1197.75 0 0 0 0.365227 0.428756 0.214
361000 burn_in 1199.91 3.89704 1196.01 0 0 0 0.365227 0.428066 0.213789
362000 burn_in 1205.52 2.0522 1203.47 0 0 0 0.365227 0.427492 0.213827
363000 burn_in 1201.78 2.86835 1198.91 0 0 0 0.365227 0.42697 0.213975
364000 burn_in 1201.72 1.7597 1199.96 0 0 0 0.365227 0.426415 0.214043
365000 burn_in 1199.49 1.0132 1198.48 0 0 0 0.365227 0.425899 0.214188
366000 burn_in 1205.13 0.991303 1204.14 0 0 0 0.365227 0.425363 0.214283
367000 burn_in 1200.64 1.25069 1199.39 0 0 0 0.365227 0.42476 0.214222
368000 burn_in 1204.84 1.34528 1203.49 0 0 0 0.365227 0.424149 0.214137
369000 burn_in 1202.45 1.20416 1201.25 0 0 0 0.365227 0.423604 0.214189
370000 burn_in 1196.99 2.06889 1194.92 0 0 0 0.365227 0.423073 0.214265
371000 burn_in 1201.75 0.660625 1201.08 0 0 0 0.365227 0.422477 0.214193
372000 burn_in 1200.95 0.544773 1200.41 0 0 0 0.365227 0.421892 0.21414
373000 burn_in 1198.86 1.0083 1197.85 0 0 0 0.365227 0.421381 0.214237
374000 burn_in 1203.78 1.04681 1202.73 0 0 0 0.365227 0.420821 0.214224
375000 burn_in 1200.42 1.16707 1199.26 0 0 0 0.365227 0.420315 0.21432
376000 burn_in 1205.39 2.75351 1202.64 0 0 0 0.365227 0.419742 0.214267
377000 burn_in 1205.51 1.75619 1203.76 0 0 0 0.365227 0.419255 0.21439
378000 burn_in 1203.8 2.13354 1201.66 0 0 0 0.365227 0.418762 0.214494
379000 burn_in 1199.29 1.44268 1197.85 0 0 0 0.365227 0.41823 0.214508
380000 burn_in 1201.5 3.38512 1198.12 0 0 0 0.365227 0.417676 0.214472
381000 burn_in 1208.31 3.58083 1204.73 0 0 0 0.365227 0.417121 0.214425
382000 burn_in 1203.1 2.77927 1200.32 0 0 0 0.365227 0.416531 0.214302
383000 burn_in 1201.55 0.88942 1200.66 0 0 0 0.365227 0.416021 0.214339
384000 burn_in 1207.9 2.80393 1205.09 0 0 0 0.365227 0.415479 0.214304
385000 burn_in 1200.59 1.19769 1199.39 0 0 0 0.365227 0.414938 0.214265
386000 burn_in 1204.09 1.62048 1202.47 0 0 0 0.365227 0.414415 0.214258
387000 burn_in 1197.6 2.03256 1195.57 0 0 0 0.365227 0.413917 0.214299
388000 burn_in 1200.37 0.979018 1199.39 0 0 0 0.365227 0.413381 0.214255
389000 burn_in 1203.81 0.845871 1202.96 0 0 0 0.365227 0.412882 0.21428
390000 burn_in 1199.7 1.52659 1198.17 0 0 0 0.365227 0.412336 0.214205
391000 burn_in 1196.34 1.83989 1194.5 0 0 0 0.365227 0.411826 0.214199
392000 burn_in 1201.53 1.91871 1199.61 0 0 0 0.365227 0.411296 0.214146
393000 burn_in 1197.96 0.627313 1197.33 0 0 0 0.365227 0.410812 0.214181
394000 burn_in 1199.98 3.59293 1196.39 0 0 0 0.365227 0.410332 0.214222
395000 burn_in 1202.4 1.18586 1201.21 0 0 0 0.365227 0.409838 0.214226
396000 burn_in 1204.76 3.04942 1201.71 0 0 0 0.365227 0.409419 0.214378
397000 burn_in 1199.71 1.86425 1197.84 0 0 0 0.365227 0.408919 0.21436
398000 burn_in 1202.16 1.86788 1200.3 0 0 0 0.365227 0.408432 0.214364
399000 burn_in 1206.34 1.67935 1204.66 0 0 0 0.365227 0.407945 0.214362
400000 burn_in 1200.09 1.06487 1199.03 0 0 0 0.365227 0.40749 0.21442
401000 burn_in 1199.08 0.97169 1198.11 0 0 0 0.365227 0.407027 0.214458
402000 burn_in 1197.75 1.78991 1195.96 0 0 0 0.365227 0.40654 0.214441
403000 burn_in 1199.47 1.37332 1198.09 0 0 0 0.365227 0.40605 0.214414
404000 burn_in 1199.35 1.50454 1197.85 0 0 0 0.365227 0.405611 0.214485
405000 burn_in 1199.63 1.39588 1198.23 0 0 0 0.365227 0.405136 0.214478
406000 burn_in 1202.05 1.43469 1200.62 0 0 0 0.365227 0.404717 0.214578
407000 burn_in 1198.29 2.68311 1195.61 0 0 0 0.365227 0.40426 0.214599
408000 burn_in 1201.39 0.745443 1200.64 0 0 0 0.365227 0.403733 0.214476
409000 burn_in 1198.34 1.56391 1196.77 0 0 0 0.365227 0.403257 0.21445
410000 burn_in 1202.29 1.46365 1200.82 0 0 0 0.365227 0.402732 0.214324
411000 burn_in 1201.33 1.16497 1200.17 0 0 0 0.365227 0.402241 0.214261
412000 burn_in 1198.84 1.14584 1197.7 0 0 0 0.365227 0.401811 0.214311
413000 burn_in 1198.48 1.15569 1197.32 0 0 0 0.365227 0.401334 0.214268
414000 burn_in 1204.55 2.48229 1202.07 0 0 0 0.365227 0.400862 0.214229
415000 burn_in 1197.93 1.47684 1196.45 0 0 0 0.365227 0.400395 0.214195
416000 burn_in 1206.73 0.759605 1205.97 0 0 0 0.365227 0.399916 0.214134
417000 burn_in 1199.7 1.00582 1198.69 0 0 0 0.365227 0.399465 0.214124
418000 burn_in 1201.19 1.50559 1199.68 0 0 0 0.365227 0.39901 0.214101
419000 burn_in 1205.94 1.43178 1204.51 0 0 0 0.365227 0.398525 0.214018
420000 burn_in 1201.94 1.89992 1200.04 0 0 0 0.365227 0.398064 0.213977
421000 burn_in 1201.33 1.35316 1199.98 0 0 0 0.365227 0.397644 0.214009
422000 burn_in 1201.5 0.783656 1200.71 0 0 0 0.365227 0.397258 0.214104
423000 burn_in 1207.54 1.78271 1205.76 0 0 0 0.365227 0.396811 0.214076
424000 burn_in 1200.46 2.13413 1198.33 0 0 0 0.365227 0.39641 0.214134
425000 burn_in 1198.43 0.996439 1197.44 0 0 0 0.365227 0.395941 0.214058
426000 burn_in 1197.65 0.554714 1197.09 0 0 0 0.365227 0.395484 0.214
427000 burn_in 1206 0.745905 1205.25 0 0 0 0.365227 0.395052 0.213987
428000 burn_in 1197.34 0.974663 1196.37 0 0 0 0.365227 0.394631 0.213991
429000 burn_in 1198.11 1.00046 1197.11 0 0 0 0.365227 0.394172 0.213921
430000 burn_in 1204.59 1.5688 1203.02 0 0 0 0.365227 0.393786 0.213983
431000 burn_in 1203.54 0.594231 1202.95 0 0 0 0.365227 0.393443 0.214121
432000 burn_in 1200.86 0.609466 1200.25 0 0 0 0.365227 0.393009 0.214086
433000 burn_in 1197.94 1.25982 1196.68 0 0 0 0.365227 0.392573 0.214043
434000 burn_in 1202.82 1.9221 1200.9 0 0 0 0.365227 0.392106 0.21394
435000 burn_in 1207.6 0.857959 1206.74 0 0 0 0.365227 0.39168 0.213911
436000 burn_in 1201.06 0.851879 1200.21 0 0 0 0.365227 0.391275 0.213915
437000 burn_in 1202.22 4.48068 1197.74 0 0 0 0.365227 0.390922 0.214013
438000 burn_in 1201.5 1.26398 1200.24 0 0 0 0.365227 0.390514 0.214004
439000 burn_in 1200.97 1.78994 1199.18 0 0 0 0.365227 0.390096 0.213975
440000 burn_in 1209.46 4.57063 1204.89 0 0 0 0.365227 0.389727 0.214033
441000 burn_in 1210.01 1.37033 1208.64 0 0 0 0.365227 0.389356 0.214083
442000 burn_in 1201.75 1.32374 1200.43 0 0 0 0.365227 0.388946 0.214058
443000 burn_in 1200.57 2.52729 1198.05 0 0 0 0.365227 0.388542 0.214041
444000 burn_in 1200.57 2.01085 1198.56 0 0 0 0.365227 0.388108 0.213967
445000 burn_in 1198.85 2.83956 1196.01 0 0 0 0.365227 0.387676 0.213894
446000 burn_in 1200.02 2.36705 1197.66 0 0 0 0.365227 0.387278 0.213878
447000 burn_in 1200.04 1.07937 1198.96 0 0 0 0.365227 0.38689 0.213879
448000 burn_in 1207.01 1.24339 1205.76 0 0 0 0.365227 0.386478 0.213831
449000 burn_in 1201.75 2.33965 1199.41 0 0 0 0.365227 0.386042 0.213739
450000 burn_in 1207.45 3.13191 1204.32 0 0 0 0.365227 0.385696 0.213804
451000 burn_in 1200.06 1.92669 1198.13 0 0 0 0.365227 0.385341 0.213853
452000 burn_in 1204.13 1.26957 1202.86 0 0 0 0.365227 0.384914 0.213766
453000 burn_in 1204.03 1.28025 1202.75 0 0 0 0.365227 0.384514 0.213727
454000 burn_in 1198.53 2.41035 1196.12 0 0 0 0.365227 0.384079 0.213622
455000 burn_in 1204.22 2.33259 1201.88 0 0 0 0.365227 0.383681 0.21358
456000 burn_in 1202.26 0.904999 1201.35 0 0 0 0.365227 0.383331 0.213621
457000 burn_in 1203.82 2.95856 1200.86 0 0 0 0.365227 0.382958 0.213619
458000 burn_in 1202.11 3.18908 1198.92 0 0 0 0.365227 0.382598 0.213636
459000 burn_in 1203.71 1.19845 1202.51 0 0 0 0.365227 0.382251 0.213672
460000 burn_in 1203.15 2.07562 1201.07 0 0 0 0.365227 0.381863 0.213635
461000 burn_in 1204.83 1.13677 1203.69 0 0 0 0.365227 0.381482 0.213605
462000 burn_in 1196.94 1.31097 1195.63 0 0 0 0.365227 0.38108 0.213538
463000 burn_in 1196.78 0.976966 1195.8 0 0 0 0.365227 0.380706 0.213517
464000 burn_in 1200.23 0.958822 1199.27 0 0 0 0.365227 0.380319 0.21347
465000 burn_in 1205.72 0.659555 1205.06 0 0 0 0.365227 0.379955 0.21346
466000 burn_in 1204.17 2.65497 1201.51 0 0 0 0.365227 0.379532 0.213346
467000 burn_in 1202.44 1.6366 1200.8 0 0 0 0.365227 0.379253 0.213479
468000 burn_in 1201.97 0.97002 1201 0 0 0 0.365227 0.378863 0.213418
469000 burn_in 1202.01 1.95649 1200.05 0 0 0 0.365227 0.378533 0.213457
470000 burn_in 1205.21 2.29079 1202.92 0 0 0 0.365227 0.378179 0.213452
471000 burn_in 1199.68 2.75482 1196.93 0 0 0 0.365227 0.377843 0.213476
472000 burn_in 1207.79 2.34936 1205.44 0 0 0 0.365227 0.377513 0.213507
473000 burn_in 1202.43 1.28369 1201.14 0 0 0 0.365227 0.37714 0.213462
474000 burn_in 1203.4 0.995342 1202.41 0 0 0 0.365227 0.376787 0.213449
475000 burn_in 1206.09 2.79117 1203.3 0 0 0 0.365227 0.376465 0.213487
476000 burn_in 1199.28 2.59809 1196.68 0 0 0 0.365227 0.376132 0.213504
477000 burn_in 1202.9 0.883381 1202.02 0 0 0 0.365227 0.375811 0.213538
478000 burn_in 1201 1.50172 1199.5 0 0 0 0.365227 0.375475 0.213543
479000 burn_in 1200.21 1.67369 1198.53 0 0 0 0.365227 0.375117 0.213509
480000 burn_in 1200.01 0.94636 1199.06 0 0 0 0.365227 0.374752 0.213461
481000 burn_in 1206.47 0.684492 1205.79 0 0 0 0.365227 0.374418 0.213463
482000 burn_in 1202.44 1.1455 1201.3 0 0 0 0.365227 0.374131 0.213543
483000 burn_in 1201.11 1.56059 1199.55 0 0 0 0.365227 0.37381 0.213562
484000 burn_in 1203.51 1.88596 1201.62 0 0 0 0.365227 0.373405 0.213437
485000 burn_in 1200.01 1.79094 1198.22 0 0 0 0.365227 0.373049 0.213393
486000 burn_in 1198.04 1.10797 1196.93 0 0 0 0.365227 0.37273 0.213409
487000 burn_in 1202.13 0.744397 1201.39 0 0 0 0.365227 0.372368 0.213348
488000 burn_in 1202.95 0.842169 1202.1 0 0 0 0.365227 0.372027 0.213323
489000 burn_in 1204.83 0.692691 1204.13 0 0 0 0.365227 0.37174 0.213388
490000 burn_in 1199.21 2.28011 1196.93 0 0 0 0.365227 0.37139 0.213341
491000 burn_in 1201.51 1.06094 1200.45 0 0 0 0.365227 0.371075 0.213354
492000 burn_in 1200.55 1.57055 1198.98 0 0 0 0.365227 0.370742 0.213332
493000 burn_in 1200.76 1.01592 1199.75 0 0 0 0.365227 0.370391 0.21328
494000 burn_in 1203.08 1.65493 1201.42 0 0 0 0.365227 0.370083 0.213296
495000 burn_in 1201.31 1.63507 1199.67 0 0 0 0.365227 0.369733 0.213241
496000 burn_in 1200.44 0.837227 1199.61 0 0 0 0.365227 0.369484 0.213351
497000 burn_in 1200.82 1.50347 1199.31 0 0 0 0.365227 0.369151 0.21332
498000 burn_in 1200.12 0.878308 1199.24 0 0 0 0.365227 0.368863 0.213362
499000 burn_in 1201.6 1.36708 1200.24 0 0 0 0.365227 0.368527 0.213321
500000 burn_in 1203.28 2.28865 1200.99 0 0 0 0.365227 0.368182 0.213263
501000 burn_in 1198.04 1.14952 1196.89 0 0 0 0.324539 0.36799 0.272
502000 burn_in 1199.96 1.05968 1198.9 0 0 0 0.324539 0.367745 0.2585
503000 burn_in 1201.12 1.04457 1200.07 0 0 0 0.324539 0.367571 0.265667
