*mcmc_objective[MCMCObjective]
starting_covariance_matrix {matrix}
parameter_transformation[logRecruitment].log_parameter selectivity[TransitionMale].a50 selectivity[TransitionMale].ato95 age_length[AgeLength].Linf age_length[AgeLength].k time_varying[M_time_var_Male].values{1994} time_varying[M_time_var_Male].values{2015} time_varying[M_time_var_Primi].values{1994} time_varying[M_time_var_Primi].values{2015} catchability[SurveyqM].q selectivity[SurveyMale].a50 selectivity[SurveyMale].ato95 selectivity[FishingMale].a50 selectivity[FishingMale].ato95 selectivity[FishingPrimiFemale].alpha selectivity[FishingMultiFemale].alpha
0.00671701 0.00152508 -6.56413e-06 -0.00151173 1.60247e-05 0.000396582 0.000164985 0.00242554 0.00315591 -0.00305123 0.021411 0.0141859 -0.00940106 -0.00832374 0.00798853 0.00158765
0.00152508 0.0261049 -1.10149e-05 -0.0264846 0.000881875 0.00191657 0.00171168 -0.00450433 -0.00108803 0.0012063 0.0475251 0.0109386 -0.0185199 -0.0169508 0.0259147 0.0191689
-6.56413e-06 -1.10149e-05 0.0039 4.23588e-05 -7.1099e-07 -1.98664e-06 -1.12397e-06 1.79929e-06 -3.93796e-06 -5.95383e-06 -0.000107209 -2.64647e-05 -4.34815e-05 -3.56266e-05 6.24319e-06 -3.12096e-05
-0.00151173 -0.0264846 4.23588e-05 0.0823256 -0.00268795 -0.00254851 -0.00280542 0.00616872 0.00244911 -0.00287796 -0.0584847 -0.0133318 0.011153 0.0197831 -0.0336531 -0.0109304
1.60247e-05 0.000881875 -7.1099e-07 -0.00268795 0.000137128 4.2439e-05 7.92899e-05 -0.000117058 -7.11224e-05 7.43096e-05 0.00176869 0.000718868 0.000256793 -0.000448369 0.000631643 -0.000337814
0.000396582 0.00191657 -1.98664e-06 -0.00254851 4.2439e-05 0.000614427 0.000228957 -0.00168334 -0.0002104 -0.000124573 0.00295092 0.000526147 -0.000944802 -0.000657209 0.00318087 -0.000675958
0.000164985 0.00171168 -1.12397e-06 -0.00280542 7.92899e-05 0.000228957 0.000944427 -0.000576987 -0.0013803 -0.000126611 0.00132458 -0.000198489 0.000184633 -1.34601e-05 0.00251615 -0.00102392
0.00242554 -0.00450433 1.79929e-06 0.00616872 -0.000117058 -0.00168334 -0.000576987 0.007206 0.00217042 -0.000817789 0.00324952 0.00500176 -0.00267728 -0.0027533 -0.00568138 0.00524578
0.00315591 -0.00108803 -3.93796e-06 0.00244911 -7.11224e-05 -0.0002104 -0.0013803 0.00217042 0.00450899 -0.00119316 0.011337 0.0082242 -0.00312298 -0.00287595 -0.000553837 0.00279348
-0.00305123 0.0012063 -5.95383e-06 -0.00287796 7.43096e-05 -0.000124573 -0.000126611 -0.000817789 -0.00119316 0.00408154 0.00719106 0.00257915 0.00138693 0.00173694 -0.00242014 0.00461369
0.021411 0.0475251 -0.000107209 -0.0584847 0.00176869 0.00295092 0.00132458 0.00324952 0.011337 0.00719106 0.249522 0.138244 -0.0696685 -0.0629869 0.0676648 0.0635204
0.0141859 0.0109386 -2.64647e-05 -0.0133318 0.000718868 0.000526147 -0.000198489 0.00500176 0.0082242 0.00257915 0.138244 0.138188 -0.0212422 -0.0235599 0.0255921 0.00963557
-0.00940106 -0.0185199 -4.34815e-05 0.011153 0.000256793 -0.000944802 0.000184633 -0.00267728 -0.00312298 0.00138693 -0.0696685 -0.0212422 0.197567 0.0977056 -0.0647421 -0.16792
-0.00832374 -0.0169508 -3.56266e-05 0.0197831 -0.000448369 -0.000657209 -1.34601e-05 -0.0027533 -0.00287595 0.00173694 -0.0629869 -0.0235599 0.0977056 0.0754996 -0.0418783 -0.117422
0.00798853 0.0259147 6.24319e-06 -0.0336531 0.000631643 0.00318087 0.00251615 -0.00568138 -0.000553837 -0.00242014 0.0676648 0.0255921 -0.0647421 -0.0418783 0.100473 0.0459515
0.00158765 0.0191689 -3.12096e-05 -0.0109304 -0.000337814 -0.000675958 -0.00102392 0.00524578 0.00279348 0.00461369 0.0635204 0.00963557 -0.16792 -0.117422 0.0459515 0.28535
samples {dataframe}
sample state objective_score prior likelihood penalties additional_priors jacobians step_size acceptance_rate acceptance_rate_since_adapt
1 initialisation 1202.85 2.06216 1200.79 0 0 0 0.02 0 0
1000 burn_in 1206.31 1.17436 1205.13 0 0 0 0.02 0.934 0.934
2000 burn_in 1200.94 0.863091 1200.07 0 0 0 0.02 0.926 0.926
3000 burn_in 1197.35 1.50605 1195.85 0 0 0 0.02 0.922 0.922
4000 burn_in 1204.7 1.88485 1202.82 0 0 0 0.02 0.924 0.924
5000 burn_in 1204.41 3.35827 1201.05 0 0 0 0.02 0.9216 0.9216
6000 burn_in 1198.77 0.996439 1197.77 0 0 0 0.02 0.925167 0.925167
7000 burn_in 1198.18 0.938541 1197.24 0 0 0 0.02 0.926714 0.926714
8000 burn_in 1200.25 0.859461 1199.39 0 0 0 0.02 0.9275 0.9275
9000 burn_in 1209.1 2.25691 1206.85 0 0 0 0.02 0.927556 0.927556
10000 burn_in 1205 2.5066 1202.49 0 0 0 0.02 0.9275 0.9275
11000 burn_in 1200.43 3.56276 1196.87 0 0 0 0.02 0.926545 0.926545
12000 burn_in 1198.81 1.23234 1197.58 0 0 0 0.02 0.92675 0.92675
13000 burn_in 1208.17 1.22738 1206.94 0 0 0 0.02 0.926308 0.926308
14000 burn_in 1203.69 3.0677 1200.63 0 0 0 0.02 0.9265 0.9265
15000 burn_in 1204.19 1.22503 1202.96 0 0 0 0.02 0.926467 0.926467
16000 burn_in 1202.08 2.34479 1199.74 0 0 0 0.02 0.926312 0.926312
17000 burn_in 1201.44 0.850847 1200.59 0 0 0 0.02 0.926176 0.926176
18000 burn_in 1200.83 1.1329 1199.7 0 0 0 0.02 0.925833 0.925833
19000 burn_in 1199.27 0.955444 1198.31 0 0 0 0.02 0.926 0.926
20000 burn_in 1199.06 1.21536 1197.85 0 0 0 0.02 0.92615 0.92615
21000 burn_in 1203.81 1.88909 1201.92 0 0 0 0.02 0.925429 0.925429
22000 burn_in 1199.75 0.893278 1198.86 0 0 0 0.02 0.925091 0.925091
23000 burn_in 1206.24 1.07989 1205.16 0 0 0 0.02 0.925304 0.925304
24000 burn_in 1203.24 1.97809 1201.26 0 0 0 0.02 0.924792 0.924792
25000 burn_in 1199.44 1.06105 1198.38 0 0 0 0.02 0.92464 0.92464
26000 burn_in 1202.49 2.15476 1200.33 0 0 0 0.02 0.924538 0.924538
27000 burn_in 1198.9 1.72689 1197.17 0 0 0 0.02 0.925222 0.925222
28000 burn_in 1203.67 1.27265 1202.39 0 0 0 0.02 0.924786 0.924786
29000 burn_in 1199.85 1.81062 1198.04 0 0 0 0.02 0.925103 0.925103
30000 burn_in 1200.39 1.10474 1199.29 0 0 0 0.02 0.924967 0.924967
31000 burn_in 1202.54 1.55039 1200.98 0 0 0 0.02 0.925065 0.925065
32000 burn_in 1199.22 1.04719 1198.17 0 0 0 0.02 0.924813 0.924813
33000 burn_in 1203.62 1.18714 1202.43 0 0 0 0.02 0.924848 0.924848
34000 burn_in 1202.04 1.17246 1200.87 0 0 0 0.02 0.924471 0.924471
35000 burn_in 1202.96 1.14691 1201.82 0 0 0 0.02 0.925057 0.925057
36000 burn_in 1202.54 1.01737 1201.53 0 0 0 0.02 0.92475 0.92475
37000 burn_in 1200.06 0.909263 1199.15 0 0 0 0.02 0.92473 0.92473
38000 burn_in 1203.82 1.63434 1202.19 0 0 0 0.02 0.924816 0.924816
39000 burn_in 1202.89 0.925744 1201.97 0 0 0 0.02 0.924564 0.924564
40000 burn_in 1201.14 1.52944 1199.61 0 0 0 0.02 0.92485 0.92485
41000 burn_in 1199.38 1.13023 1198.25 0 0 0 0.02 0.925024 0.925024
42000 burn_in 1201.92 1.58298 1200.33 0 0 0 0.02 0.925357 0.925357
43000 burn_in 1202.47 1.63556 1200.83 0 0 0 0.02 0.925767 0.925767
44000 burn_in 1197.13 1.08973 1196.04 0 0 0 0.02 0.925795 0.925795
45000 burn_in 1196.76 1.56917 1195.19 0 0 0 0.02 0.925511 0.925511
46000 burn_in 1202.42 2.11436 1200.31 0 0 0 0.02 0.925587 0.925587
47000 burn_in 1209.09 1.86457 1207.22 0 0 0 0.02 0.925064 0.925064
48000 burn_in 1201.41 1.05607 1200.36 0 0 0 0.02 0.924562 0.924562
49000 burn_in 1200.07 1.20088 1198.87 0 0 0 0.02 0.924551 0.924551
50000 burn_in 1204.61 1.3198 1203.29 0 0 0 0.02 0.92476 0.92476
51000 burn_in 1201.74 0.95349 1200.78 0 0 0 0.0770633 0.920824 0.724
52000 burn_in 1201.92 1.64488 1200.27 0 0 0 0.0770633 0.917096 0.7255
53000 burn_in 1198.64 0.760072 1197.88 0 0 0 0.0770633 0.913887 0.732667
54000 burn_in 1202.76 1.2282 1201.53 0 0 0 0.0770633 0.910667 0.7345
55000 burn_in 1200.05 1.01212 1199.03 0 0 0 0.0770633 0.907273 0.7324
56000 burn_in 1201.89 1.01101 1200.88 0 0 0 0.0770633 0.903946 0.7305
57000 burn_in 1200.63 0.963176 1199.67 0 0 0 0.0770633 0.900807 0.729714
58000 burn_in 1203.34 1.26784 1202.07 0 0 0 0.0770633 0.897603 0.727875
59000 burn_in 1200.54 1.22811 1199.31 0 0 0 0.0770633 0.893949 0.722778
60000 burn_in 1203.63 2.02839 1201.6 0 0 0 0.0770633 0.891333 0.7242
61000 burn_in 1198.87 1.53747 1197.33 0 0 0 0.0770633 0.888525 0.723818
62000 burn_in 1204.17 1.29058 1202.88 0 0 0 0.0770633 0.885758 0.72325
63000 burn_in 1199.86 1.44228 1198.41 0 0 0 0.0770633 0.882873 0.721769
64000 burn_in 1201.71 2.37516 1199.34 0 0 0 0.0770633 0.880594 0.722857
65000 burn_in 1199.7 2.25237 1197.45 0 0 0 0.0770633 0.878046 0.722333
66000 burn_in 1201.42 1.42866 1199.99 0 0 0 0.0770633 0.87553 0.721688
67000 burn_in 1201.48 0.634502 1200.85 0 0 0 0.0770633 0.873836 0.724059
68000 burn_in 1199.04 1.58291 1197.46 0 0 0 0.0770633 0.871485 0.7235
69000 burn_in 1203.93 1.29084 1202.64 0 0 0 0.0770633 0.86971 0.724842
70000 burn_in 1198.61 1.06504 1197.55 0 0 0 0.0770633 0.867971 0.726
71000 burn_in 1199.11 0.730732 1198.38 0 0 0 0.0770633 0.866042 0.726238
72000 burn_in 1204.07 2.54862 1201.52 0 0 0 0.0770633 0.864056 0.726091
73000 burn_in 1199.97 1.5615 1198.41 0 0 0 0.0770633 0.862082 0.725826
74000 burn_in 1203.89 1.35719 1202.54 0 0 0 0.0770633 0.860486 0.726583
75000 burn_in 1199.54 1.59161 1197.95 0 0 0 0.0770633 0.85876 0.72676
76000 burn_in 1197.98 1.6059 1196.38 0 0 0 0.0770633 0.857197 0.727269
77000 burn_in 1201 1.23116 1199.77 0 0 0 0.0770633 0.855571 0.727444
78000 burn_in 1202.86 1.22028 1201.64 0 0 0 0.0770633 0.85391 0.727393
79000 burn_in 1203.71 1.0381 1202.67 0 0 0 0.0770633 0.852392 0.727621
80000 burn_in 1201.42 1.4113 1200 0 0 0 0.0770633 0.8506 0.727
81000 burn_in 1200.54 2.41519 1198.12 0 0 0 0.0770633 0.848938 0.726645
82000 burn_in 1200.96 1.61009 1199.35 0 0 0 0.0770633 0.84761 0.727062
83000 burn_in 1205.19 4.08614 1201.1 0 0 0 0.0770633 0.846422 0.727727
84000 burn_in 1203.44 0.703436 1202.74 0 0 0 0.0770633 0.844976 0.727647
85000 burn_in 1202.21 1.19282 1201.02 0 0 0 0.0770633 0.843635 0.727743
86000 burn_in 1201.38 1.91376 1199.47 0 0 0 0.0770633 0.842267 0.727694
87000 burn_in 1208.75 3.39013 1205.36 0 0 0 0.0770633 0.84108 0.728
88000 burn_in 1202.52 3.0029 1199.51 0 0 0 0.0770633 0.839977 0.728421
89000 burn_in 1201.18 1.47219 1199.71 0 0 0 0.0770633 0.838551 0.728026
90000 burn_in 1205.1 2.45968 1202.64 0 0 0 0.0770633 0.837489 0.7284
91000 burn_in 1198.17 0.757637 1197.41 0 0 0 0.0770633 0.836385 0.72861
92000 burn_in 1201.43 0.696144 1200.73 0 0 0 0.0770633 0.835554 0.729357
93000 burn_in 1199.15 1.21005 1197.94 0 0 0 0.0770633 0.834688 0.729953
94000 burn_in 1203.2 0.716968 1202.48 0 0 0 0.0770633 0.833489 0.729773
95000 burn_in 1203.58 2.76098 1200.82 0 0 0 0.0770633 0.832326 0.729622
96000 burn_in 1202.96 0.879568 1202.08 0 0 0 0.0770633 0.831229 0.729565
97000 burn_in 1203.4 1.5047 1201.9 0 0 0 0.0770633 0.830464 0.730149
98000 burn_in 1204.71 1.4716 1203.24 0 0 0 0.0770633 0.829561 0.730396
99000 burn_in 1200.79 2.33648 1198.45 0 0 0 0.0770633 0.828646 0.730571
100000 burn_in 1203.45 2.2651 1201.19 0 0 0 0.0770633 0.82781 0.73086
101000 burn_in 1201.12 2.58276 1198.53 0 0 0 0.234677 0.823505 0.393
102000 burn_in 1201.79 0.91177 1200.87 0 0 0 0.234677 0.819402 0.399
103000 burn_in 1204.35 1.6238 1202.73 0 0 0 0.234677 0.814913 0.385
104000 burn_in 1202 1.21586 1200.78 0 0 0 0.234677 0.810827 0.38625
105000 burn_in 1205.13 2.07566 1203.06 0 0 0 0.234677 0.806505 0.3804
106000 burn_in 1200.67 2.2755 1198.39 0 0 0 0.234677 0.802453 0.379833
107000 burn_in 1207.4 1.15929 1206.24 0 0 0 0.234677 0.798327 0.377143
108000 burn_in 1206.95 1.26599 1205.68 0 0 0 0.234677 0.794407 0.376875
109000 burn_in 1202.59 2.69783 1199.89 0 0 0 0.234677 0.790523 0.376222
110000 burn_in 1201.82 1.98006 1199.84 0 0 0 0.234677 0.786845 0.3772
111000 burn_in 1200.79 2.00753 1198.78 0 0 0 0.234677 0.783423 0.379909
112000 burn_in 1203.84 2.44039 1201.4 0 0 0 0.234677 0.779687 0.378667
113000 burn_in 1202.86 2.99019 1199.87 0 0 0 0.234677 0.776018 0.377615
114000 burn_in 1202.34 1.77769 1200.57 0 0 0 0.234677 0.772219 0.375143
115000 burn_in 1201.21 1.74509 1199.47 0 0 0 0.234677 0.768791 0.375333
116000 burn_in 1202.69 0.909223 1201.78 0 0 0 0.234677 0.765241 0.374188
117000 burn_in 1200.82 0.719498 1200.1 0 0 0 0.234677 0.761829 0.373706
118000 burn_in 1205.2 1.42865 1203.77 0 0 0 0.234677 0.758424 0.372944
119000 burn_in 1200.02 1.12754 1198.9 0 0 0 0.234677 0.755034 0.372
120000 burn_in 1200.84 1.22112 1199.62 0 0 0 0.234677 0.751658 0.3709
121000 burn_in 1199.78 1.48684 1198.29 0 0 0 0.234677 0.748595 0.371381
122000 burn_in 1206.47 2.4272 1204.04 0 0 0 0.234677 0.745205 0.369727
123000 burn_in 1199.66 1.29538 1198.36 0 0 0 0.234677 0.742171 0.369826
124000 burn_in 1202.65 1.00707 1201.64 0 0 0 0.234677 0.739048 0.369208
125000 burn_in 1204.05 2.03378 1202.02 0 0 0 0.234677 0.736064 0.36908
126000 burn_in 1199 1.10712 1197.89 0 0 0 0.234677 0.733127 0.368962
127000 burn_in 1200.2 0.99556 1199.21 0 0 0 0.234677 0.730307 0.369185
128000 burn_in 1208.09 1.54184 1206.55 0 0 0 0.234677 0.727406 0.368821
129000 burn_in 1199.8 1.24051 1198.56 0 0 0 0.234677 0.724581 0.368621
130000 burn_in 1203.88 4.94982 1198.93 0 0 0 0.234677 0.721992 0.369267
131000 burn_in 1202.04 0.943567 1201.09 0 0 0 0.234677 0.71926 0.369097
132000 burn_in 1210.4 0.859579 1209.54 0 0 0 0.234677 0.716515 0.368719
133000 burn_in 1200.06 1.70145 1198.36 0 0 0 0.234677 0.713782 0.368242
134000 burn_in 1204.11 2.04608 1202.07 0 0 0 0.234677 0.711149 0.368029
135000 burn_in 1198.25 0.941112 1197.31 0 0 0 0.234677 0.708467 0.367486
136000 burn_in 1203.21 0.692102 1202.52 0 0 0 0.234677 0.705926 0.367361
137000 burn_in 1199.68 1.0101 1198.67 0 0 0 0.234677 0.703496 0.367514
138000 burn_in 1204.98 0.677371 1204.3 0 0 0 0.234677 0.701109 0.367684
139000 burn_in 1200.74 1.08 1199.66 0 0 0 0.234677 0.698835 0.368128
140000 burn_in 1197.67 0.616407 1197.05 0 0 0 0.234677 0.696521 0.3683
141000 burn_in 1206.2 2.2195 1203.98 0 0 0 0.234677 0.694191 0.368293
142000 burn_in 1199.57 1.36376 1198.21 0 0 0 0.234677 0.69193 0.368405
143000 burn_in 1200.14 1.75644 1198.38 0 0 0 0.234677 0.689552 0.368023
144000 burn_in 1201.17 1.73144 1199.44 0 0 0 0.234677 0.687542 0.36875
145000 burn_in 1197.98 1.57819 1196.4 0 0 0 0.234677 0.685255 0.368467
146000 burn_in 1199.96 0.942541 1199.02 0 0 0 0.234677 0.682979 0.36813
147000 burn_in 1203 0.766686 1202.23 0 0 0 0.234677 0.681 0.368638
148000 burn_in 1199.07 1.04364 1198.02 0 0 0 0.234677 0.678878 0.368604
149000 burn_in 1200.85 1.86597 1198.98 0 0 0 0.234677 0.676826 0.368694
150000 burn_in 1207.76 2.05805 1205.7 0 0 0 0.234677 0.674967 0.36928
151000 burn_in 1197.59 1.12373 1196.46 0 0 0 0.234677 0.672881 0.369098
152000 burn_in 1203.01 0.700304 1202.31 0 0 0 0.234677 0.670947 0.369288
153000 burn_in 1204.26 0.575602 1203.68 0 0 0 0.234677 0.668915 0.369113
154000 burn_in 1207.23 0.884347 1206.34 0 0 0 0.234677 0.667032 0.369296
155000 burn_in 1202.18 1.91729 1200.26 0 0 0 0.234677 0.665058 0.369145
156000 burn_in 1198.75 1.74323 1197.01 0 0 0 0.234677 0.663199 0.36925
157000 burn_in 1202.16 1.17283 1200.99 0 0 0 0.234677 0.661503 0.369737
158000 burn_in 1201.56 1.79144 1199.77 0 0 0 0.234677 0.659601 0.369586
159000 burn_in 1201.16 0.612022 1200.55 0 0 0 0.234677 0.657755 0.369525
160000 burn_in 1197.88 1.12147 1196.76 0 0 0 0.234677 0.655944 0.3695
161000 burn_in 1203.31 1.9546 1201.36 0 0 0 0.234677 0.654298 0.369852
162000 burn_in 1200.32 1.26217 1199.05 0 0 0 0.234677 0.65263 0.370081
163000 burn_in 1199.57 1.32516 1198.24 0 0 0 0.234677 0.650847 0.369952
164000 burn_in 1201.12 0.898317 1200.22 0 0 0 0.234677 0.649189 0.370094
165000 burn_in 1203.32 1.51649 1201.81 0 0 0 0.234677 0.647352 0.369723
166000 burn_in 1202.39 0.782516 1201.61 0 0 0 0.234677 0.64559 0.3695
167000 burn_in 1206.38 0.574487 1205.81 0 0 0 0.234677 0.64412 0.369955
168000 burn_in 1202.39 0.823678 1201.56 0 0 0 0.234677 0.642423 0.369794
169000 burn_in 1201.64 2.00842 1199.64 0 0 0 0.234677 0.640893 0.37
170000 burn_in 1198.22 1.01982 1197.2 0 0 0 0.234677 0.639112 0.369543
171000 burn_in 1203.25 1.19047 1202.06 0 0 0 0.234677 0.637474 0.369394
172000 burn_in 1200.89 0.726593 1200.16 0 0 0 0.234677 0.63586 0.369264
173000 burn_in 1202.82 1.07297 1201.75 0 0 0 0.234677 0.634376 0.369397
174000 burn_in 1204.85 2.69748 1202.15 0 0 0 0.234677 0.633023 0.369797
175000 burn_in 1198.66 1.22558 1197.43 0 0 0 0.234677 0.631629 0.370053
176000 burn_in 1203.79 1.50373 1202.28 0 0 0 0.234677 0.630057 0.369855
177000 burn_in 1205.38 2.0388 1203.34 0 0 0 0.234677 0.628763 0.37026
178000 burn_in 1202.14 1.23521 1200.9 0 0 0 0.234677 0.627472 0.370628
179000 burn_in 1199.7 1.01819 1198.68 0 0 0 0.234677 0.625849 0.370203
180000 burn_in 1203.33 1.98864 1201.34 0 0 0 0.234677 0.62435 0.370025
181000 burn_in 1206.13 1.31622 1204.81 0 0 0 0.234677 0.622989 0.370123
182000 burn_in 1198.53 3.22173 1195.31 0 0 0 0.234677 0.621692 0.370329
183000 burn_in 1199.61 1.65034 1197.96 0 0 0 0.234677 0.620175 0.370012
184000 burn_in 1206.27 0.969058 1205.3 0 0 0 0.234677 0.618848 0.370083
185000 burn_in 1200.52 2.16794 1198.36 0 0 0 0.234677 0.617524 0.370129
186000 burn_in 1199.51 1.29697 1198.21 0 0 0 0.234677 0.61621 0.370163
187000 burn_in 1202.75 2.10085 1200.65 0 0 0 0.234677 0.614904 0.370184
188000 burn_in 1201.87 1.24035 1200.63 0 0 0 0.234677 0.613532 0.370034
189000 burn_in 1199.3 1.18162 1198.12 0 0 0 0.234677 0.61237 0.370303
190000 burn_in 1199.09 0.659669 1198.43 0 0 0 0.234677 0.611232 0.370589
191000 burn_in 1202.87 1.27694 1201.59 0 0 0 0.234677 0.609995 0.370637
192000 burn_in 1202.46 0.95637 1201.5 0 0 0 0.234677 0.608818 0.370783
193000 burn_in 1200.19 1.87753 1198.31 0 0 0 0.234677 0.607679 0.370978
194000 burn_in 1200.6 0.729031 1199.87 0 0 0 0.234677 0.606402 0.370862
195000 burn_in 1197.11 2.16798 1194.94 0 0 0 0.234677 0.605154 0.370779
196000 burn_in 1200.69 1.1119 1199.58 0 0 0 0.234677 0.604051 0.370969
197000 burn_in 1206.3 1.38041 1204.92 0 0 0 0.234677 0.602878 0.37099
198000 burn_in 1200.24 1.32051 1198.92 0 0 0 0.234677 0.601652 0.370878
199000 burn_in 1201.83 2.0978 1199.73 0 0 0 0.234677 0.600392 0.370677
200000 burn_in 1199.48 2.39936 1197.08 0 0 0 0.234677 0.59915 0.37049
201000 burn_in 1201.59 2.04686 1199.54 0 0 0 0.362273 0.597194 0.206
202000 burn_in 1202.02 4.73548 1197.28 0 0 0 0.362273 0.595302 0.2105
203000 burn_in 1199.62 1.00573 1198.61 0 0 0 0.362273 0.593345 0.206333
204000 burn_in 1200.76 1.73362 1199.03 0 0 0 0.362273 0.591618 0.215
205000 burn_in 1200.51 1.01455 1199.49 0 0 0 0.362273 0.589732 0.213
206000 burn_in 1202.66 2.33895 1200.32 0 0 0 0.362273 0.587976 0.2155
207000 burn_in 1208.19 1.49013 1206.7 0 0 0 0.362273 0.586275 0.218429
208000 burn_in 1201.63 1.01296 1200.61 0 0 0 0.362273 0.584611 0.221125
209000 burn_in 1202.64 2.121 1200.52 0 0 0 0.362273 0.582722 0.217667
210000 burn_in 1197.45 1.4316 1196.02 0 0 0 0.362273 0.580952 0.217
211000 burn_in 1201.03 1.08527 1199.95 0 0 0 0.362273 0.579246 0.217364
212000 burn_in 1200.52 2.55454 1197.97 0 0 0 0.362273 0.577509 0.216833
213000 burn_in 1207.32 7.89393 1199.43 0 0 0 0.362273 0.575765 0.216
214000 burn_in 1200.81 2.21751 1198.6 0 0 0 0.362273 0.574079 0.215929
215000 burn_in 1201.74 1.41052 1200.33 0 0 0 0.362273 0.5724 0.215733
216000 burn_in 1196.23 1.01241 1195.22 0 0 0 0.362273 0.570662 0.214562
217000 burn_in 1205.2 2.0332 1203.17 0 0 0 0.362273 0.568959 0.213765
218000 burn_in 1201.64 1.53827 1200.1 0 0 0 0.362273 0.567266 0.213
219000 burn_in 1203.03 2.40639 1200.63 0 0 0 0.362273 0.565808 0.214842
220000 burn_in 1199.55 0.949286 1198.6 0 0 0 0.362273 0.564186 0.21455
221000 burn_in 1195.65 1.55632 1194.09 0 0 0 0.362273 0.562624 0.214762
222000 burn_in 1204.21 2.03167 1202.18 0 0 0 0.362273 0.561081 0.215
223000 burn_in 1204.82 2.09495 1202.72 0 0 0 0.362273 0.559332 0.213087
224000 burn_in 1202.22 2.48143 1199.73 0 0 0 0.362273 0.557888 0.214042
225000 burn_in 1207.63 0.471164 1207.16 0 0 0 0.362273 0.556382 0.21424
226000 burn_in 1204.26 4.12881 1200.14 0 0 0 0.362273 0.554805 0.213692
227000 burn_in 1204.37 3.02809 1201.35 0 0 0 0.362273 0.553458 0.215
228000 burn_in 1205.55 1.24444 1204.31 0 0 0 0.362273 0.552013 0.215321
229000 burn_in 1202.73 2.10614 1200.63 0 0 0 0.362273 0.550646 0.216138
230000 burn_in 1204.38 0.665805 1203.72 0 0 0 0.362273 0.549226 0.2164
231000 burn_in 1200.72 0.66097 1200.05 0 0 0 0.362273 0.547797 0.216484
232000 burn_in 1202.54 1.47249 1201.07 0 0 0 0.362273 0.546159 0.214969
233000 burn_in 1197.14 2.63636 1194.5 0 0 0 0.362273 0.544777 0.215242
234000 burn_in 1199.25 1.32961 1197.92 0 0 0 0.362273 0.543346 0.215088
235000 burn_in 1204.01 4.117 1199.9 0 0 0 0.362273 0.542004 0.215457
236000 burn_in 1199.96 1.31437 1198.64 0 0 0 0.362273 0.540636 0.215556
237000 burn_in 1200.27 0.975291 1199.29 0 0 0 0.362273 0.539169 0.214946
238000 burn_in 1203.15 1.20249 1201.95 0 0 0 0.362273 0.537803 0.214921
239000 burn_in 1206.05 0.867541 1205.18 0 0 0 0.362273 0.536481 0.215103
240000 burn_in 1201.73 0.817217 1200.91 0 0 0 0.362273 0.535271 0.215875
241000 burn_in 1199.3 1.6956 1197.6 0 0 0 0.362273 0.533851 0.215317
242000 burn_in 1199.76 1.53724 1198.22 0 0 0 0.362273 0.532545 0.215381
243000 burn_in 1203.76 1.16367 1202.59 0 0 0 0.362273 0.53114 0.214814
244000 burn_in 1199.09 1.59329 1197.5 0 0 0 0.362273 0.529922 0.21525
245000 burn_in 1204.36 5.59224 1198.77 0 0 0 0.362273 0.528633 0.215222
246000 burn_in 1203.21 1.90662 1201.3 0 0 0 0.362273 0.527199 0.21437
247000 burn_in 1203.26 1.37049 1201.89 0 0 0 0.362273 0.525907 0.214234
248000 burn_in 1203.91 1.29922 1202.61 0 0 0 0.362273 0.52469 0.214438
249000 burn_in 1203.63 2.47601 1201.15 0 0 0 0.362273 0.523502 0.214735
250000 burn_in 1203.84 1.95685 1201.88 0 0 0 0.362273 0.52222 0.2145
251000 burn_in 1205.01 2.95427 1202.05 0 0 0 0.362273 0.521104 0.215039
252000 burn_in 1201.79 1.72805 1200.07 0 0 0 0.362273 0.519869 0.214942
253000 burn_in 1201.66 2.09759 1199.56 0 0 0 0.362273 0.518625 0.214755
254000 burn_in 1203.45 1.42813 1202.03 0 0 0 0.362273 0.517394 0.214593
255000 burn_in 1201.76 1.51165 1200.25 0 0 0 0.362273 0.516184 0.214491
256000 burn_in 1197.83 1.10399 1196.72 0 0 0 0.362273 0.515109 0.214964
257000 burn_in 1201.97 0.992833 1200.98 0 0 0 0.362273 0.513942 0.214965
258000 burn_in 1202.05 2.18522 1199.87 0 0 0 0.362273 0.512721 0.21469
259000 burn_in 1202.63 2.40232 1200.23 0 0 0 0.362273 0.511571 0.214695
260000 burn_in 1203.59 2.86419 1200.73 0 0 0 0.362273 0.510477 0.2149
261000 burn_in 1207.78 1.29709 1206.48 0 0 0 0.362273 0.509345 0.214902
262000 burn_in 1206.13 1.14968 1204.98 0 0 0 0.362273 0.508225 0.214919
263000 burn_in 1210.13 1.36744 1208.76 0 0 0 0.362273 0.507019 0.21454
264000 burn_in 1203 1.05422 1201.95 0 0 0 0.362273 0.505886 0.214438
265000 burn_in 1204.06 8.33806 1195.72 0 0 0 0.362273 0.50483 0.214615
266000 burn_in 1202.01 1.03362 1200.98 0 0 0 0.362273 0.503797 0.214848
267000 burn_in 1204.55 1.62198 1202.93 0 0 0 0.362273 0.502663 0.214642
268000 burn_in 1202.05 1.40074 1200.65 0 0 0 0.362273 0.501586 0.214632
269000 burn_in 1203.84 1.03051 1202.81 0 0 0 0.362273 0.500491 0.214522
270000 burn_in 1200.76 0.708578 1200.05 0 0 0 0.362273 0.499441 0.214557
271000 burn_in 1203.14 1.50489 1201.64 0 0 0 0.362273 0.498358 0.214437
272000 burn_in 1202.65 2.14281 1200.51 0 0 0 0.362273 0.497331 0.2145
273000 burn_in 1203.79 2.96267 1200.83 0 0 0 0.362273 0.496337 0.214658
274000 burn_in 1198.67 1.29675 1197.38 0 0 0 0.362273 0.49538 0.214919
275000 burn_in 1205.43 1.56357 1203.87 0 0 0 0.362273 0.49428 0.214627
276000 burn_in 1199.49 1.08148 1198.41 0 0 0 0.362273 0.493261 0.214605
277000 burn_in 1198.37 1.58241 1196.78 0 0 0 0.362273 0.492227 0.214506
278000 burn_in 1202.13 3.11438 1199.02 0 0 0 0.362273 0.491288 0.214718
279000 burn_in 1209.47 1.65889 1207.81 0 0 0 0.362273 0.490348 0.214899
280000 burn_in 1204.29 1.7907 1202.5 0 0 0 0.362273 0.4894 0.215025
281000 burn_in 1199.97 0.825763 1199.14 0 0 0 0.362273 0.488406 0.214963
282000 burn_in 1199.71 0.714107 1199 0 0 0 0.362273 0.487447 0.215
283000 burn_in 1200.21 0.779203 1199.43 0 0 0 0.362273 0.486481 0.214988
284000 burn_in 1199.09 1.71401 1197.37 0 0 0 0.362273 0.485581 0.215179
285000 burn_in 1199.79 1.16931 1198.62 0 0 0 0.362273 0.484649 0.215235
286000 burn_in 1203.67 1.67459 1201.99 0 0 0 0.362273 0.483657 0.21507
287000 burn_in 1201.91 1.01547 1200.9 0 0 0 0.362273 0.482721 0.215069
288000 burn_in 1199.41 0.836206 1198.57 0 0 0 0.362273 0.481788 0.215057
289000 burn_in 1203.35 1.29429 1202.06 0 0 0 0.362273 0.480858 0.215034
290000 burn_in 1202.24 1.21763 1201.02 0 0 0 0.362273 0.479934 0.215011
291000 burn_in 1205.38 1.1959 1204.18 0 0 0 0.362273 0.47901 0.214967
292000 burn_in 1200.7 3.67834 1197.02 0 0 0 0.362273 0.478123 0.215022
293000 burn_in 1201.75 0.817866 1200.93 0 0 0 0.362273 0.47727 0.215161
294000 burn_in 1197.32 1.49834 1195.82 0 0 0 0.362273 0.476327 0.215
295000 burn_in 1205.85 1.44048 1204.41 0 0 0 0.362273 0.475403 0.214884
296000 burn_in 1200.26 0.983166 1199.28 0 0 0 0.362273 0.474483 0.21476
297000 burn_in 1201.41 1.70795 1199.7 0 0 0 0.362273 0.473603 0.214742
298000 burn_in 1205.47 2.53781 1202.93 0 0 0 0.362273 0.472815 0.21499
299000 burn_in 1203.44 0.923655 1202.51 0 0 0 0.362273 0.47195 0.21498
300000 burn_in 1209.71 5.67165 1204.04 0 0 0 0.362273 0.47104 0.21482
301000 burn_in 1199.56 1.08473 1198.48 0 0 0 0.362273 0.470216 0.214901
302000 burn_in 1201.22 1.59414 1199.63 0 0 0 0.362273 0.469351 0.214843
303000 burn_in 1200.91 1.64246 1199.26 0 0 0 0.362273 0.468521 0.214874
304000 burn_in 1203.46 0.74948 1202.71 0 0 0 0.362273 0.467691 0.214885
305000 burn_in 1199.54 1.43217 1198.11 0 0 0 0.362273 0.466951 0.215143
306000 burn_in 1198.24 0.986536 1197.26 0 0 0 0.362273 0.466167 0.215255
307000 burn_in 1202.16 1.07321 1201.08 0 0 0 0.362273 0.465371 0.215318
308000 burn_in 1199.8 2.68091 1197.12 0 0 0 0.362273 0.464636 0.215537
309000 burn_in 1203.36 0.730736 1202.63 0 0 0 0.362273 0.463786 0.215413
310000 burn_in 1198.72 0.779446 1197.94 0 0 0 0.362273 0.462968 0.215364
311000 burn_in 1204.55 1.1927 1203.36 0 0 0 0.362273 0.46217 0.21536
312000 burn_in 1211.22 0.517017 1210.71 0 0 0 0.362273 0.461353 0.215286
313000 burn_in 1198.41 1.44321 1196.97 0 0 0 0.362273 0.460521 0.215159
314000 burn_in 1202.16 5.18265 1196.98 0 0 0 0.362273 0.45979 0.215298
315000 burn_in 1205.29 1.55412 1203.74 0 0 0 0.362273 0.458956 0.215139
316000 burn_in 1201.86 1.93238 1199.93 0 0 0 0.362273 0.458241 0.215293
317000 burn_in 1200.42 0.835379 1199.58 0 0 0 0.362273 0.457464 0.215265
318000 burn_in 1201.04 1.54011 1199.5 0 0 0 0.362273 0.456682 0.215212
319000 burn_in 1201.66 1.9047 1199.76 0 0 0 0.362273 0.455865 0.21505
320000 burn_in 1201.76 0.997019 1200.76 0 0 0 0.362273 0.455028 0.214825
321000 burn_in 1200.15 1.21492 1198.94 0 0 0 0.362273 0.454246 0.214736
322000 burn_in 1202.7 3.81307 1198.89 0 0 0 0.362273 0.453481 0.21468
323000 burn_in 1199.59 0.722006 1198.87 0 0 0 0.362273 0.452811 0.214862
324000 burn_in 1200.37 0.96758 1199.4 0 0 0 0.362273 0.452071 0.214847
325000 burn_in 1204.47 1.4267 1203.04 0 0 0 0.362273 0.451295 0.214728
326000 burn_in 1202.34 1.20736 1201.13 0 0 0 0.362273 0.450607 0.214825
327000 burn_in 1200.08 1.71314 1198.37 0 0 0 0.362273 0.449924 0.214921
328000 burn_in 1207.8 0.418936 1207.38 0 0 0 0.362273 0.44925 0.215031
329000 burn_in 1200.37 2.88433 1197.48 0 0 0 0.362273 0.448556 0.215078
330000 burn_in 1204.81 2.03574 1202.78 0 0 0 0.362273 0.447833 0.215038
331000 burn_in 1201.09 2.57859 1198.52 0 0 0 0.362273 0.447133 0.215046
332000 burn_in 1203.15 0.532855 1202.62 0 0 0 0.362273 0.446458 0.215106
333000 burn_in 1197.87 0.775286 1197.09 0 0 0 0.362273 0.445736 0.215038
334000 burn_in 1198.14 2.54083 1195.59 0 0 0 0.362273 0.445006 0.21494
335000 burn_in 1199.3 1.27676 1198.03 0 0 0 0.362273 0.444218 0.214689
336000 burn_in 1201.24 1.49131 1199.75 0 0 0 0.362273 0.443473 0.214537
337000 burn_in 1207.54 1.80131 1205.73 0 0 0 0.362273 0.44281 0.214577
338000 burn_in 1202.13 1.73285 1200.39 0 0 0 0.362273 0.442136 0.21458
339000 burn_in 1200.31 0.947843 1199.36 0 0 0 0.362273 0.441463 0.214576
340000 burn_in 1197.82 1.02761 1196.79 0 0 0 0.362273 0.440829 0.214657
341000 burn_in 1198.33 1.18288 1197.14 0 0 0 0.362273 0.440111 0.214525
342000 burn_in 1200.12 1.1776 1198.94 0 0 0 0.362273 0.439447 0.214514
343000 burn_in 1203.91 1.09353 1202.82 0 0 0 0.362273 0.438816 0.214573
344000 burn_in 1202.39 1.89172 1200.5 0 0 0 0.362273 0.438177 0.214604
345000 burn_in 1200.66 1.37363 1199.29 0 0 0 0.362273 0.43758 0.214724
346000 burn_in 1202.74 1.73971 1201 0 0 0 0.362273 0.436965 0.214795
347000 burn_in 1199.52 2.72001 1196.8 0 0 0 0.362273 0.436366 0.214891
348000 burn_in 1201.3 1.41765 1199.88 0 0 0 0.362273 0.43571 0.214845
349000 burn_in 1208.12 1.47687 1206.64 0 0 0 0.362273 0.435195 0.215121
350000 burn_in 1207.58 1.44765 1206.13 0 0 0 0.362273 0.434574 0.21514
351000 burn_in 1208.06 0.817511 1207.24 0 0 0 0.362273 0.433989 0.215232
352000 burn_in 1203.82 1.98541 1201.84 0 0 0 0.362273 0.43327 0.215007
353000 burn_in 1200.41 0.961407 1199.45 0 0 0 0.362273 0.432652 0.215007
354000 burn_in 1200.44 1.88479 1198.55 0 0 0 0.362273 0.432031 0.214994
355000 burn_in 1202.29 1.65594 1200.63 0 0 0 0.362273 0.431434 0.215026
356000 burn_in 1201.74 0.823424 1200.92 0 0 0 0.362273 0.43089 0.215173
357000 burn_in 1200.91 1.60205 1199.3 0 0 0 0.362273 0.430375 0.215376
358000 burn_in 1205.64 1.71598 1203.92 0 0 0 0.362273 0.429754 0.215329
359000 burn_in 1200.34 1.83585 1198.5 0 0 0 0.362273 0.429106 0.215214
360000 burn_in 1202.01 3.35967 1198.65 0 0 0 0.362273 0.428508 0.215206
361000 burn_in 1203.52 0.711319 1202.8 0 0 0 0.362273 0.427878 0.215118
362000 burn_in 1199.68 1.5436 1198.13 0 0 0 0.362273 0.42734 0.215228
363000 burn_in 1206.85 1.7221 1205.13 0 0 0 0.362273 0.426758 0.215233
364000 burn_in 1198.97 1.0155 1197.95 0 0 0 0.362273 0.426137 0.215146
365000 burn_in 1205.16 1.47364 1203.69 0 0 0 0.362273 0.425616 0.215273
366000 burn_in 1200.41 2.35751 1198.05 0 0 0 0.362273 0.425126 0.215458
367000 burn_in 1200.63 1.28889 1199.34 0 0 0 0.362273 0.424564 0.215479
368000 burn_in 1202.57 3.38343 1199.19 0 0 0 0.362273 0.423957 0.215393
369000 burn_in 1199.23 0.892688 1198.33 0 0 0 0.362273 0.423463 0.21555
370000 burn_in 1201.94 2.08374 1199.86 0 0 0 0.362273 0.422843 0.215424
371000 burn_in 1197.99 2.37786 1195.61 0 0 0 0.362273 0.422369 0.215608
372000 burn_in 1202.61 0.76242 1201.85 0 0 0 0.362273 0.421798 0.215576
373000 burn_in 1206.55 1.91587 1204.63 0 0 0 0.362273 0.421298 0.215688
374000 burn_in 1200.48 3.02213 1197.46 0 0 0 0.362273 0.420746 0.215684
375000 burn_in 1201.68 2.97762 1198.7 0 0 0 0.362273 0.42012 0.215514
376000 burn_in 1199.57 0.988689 1198.58 0 0 0 0.362273 0.419569 0.2155
377000 burn_in 1205.76 1.0899 1204.67 0 0 0 0.362273 0.419021 0.215486
378000 burn_in 1199.39 1.68024 1197.71 0 0 0 0.362273 0.418463 0.215444
379000 burn_in 1199.83 1.1032 1198.72 0 0 0 0.362273 0.417937 0.215464
380000 burn_in 1201.93 3.81913 1198.11 0 0 0 0.362273 0.417366 0.215383
381000 burn_in 1202.17 0.689598 1201.48 0 0 0 0.362273 0.416814 0.215337
382000 burn_in 1210.08 1.76183 1208.32 0 0 0 0.362273 0.416314 0.215396
383000 burn_in 1200.23 1.18369 1199.05 0 0 0 0.362273 0.415859 0.215541
384000 burn_in 1202.6 2.46979 1200.13 0 0 0 0.362273 0.415352 0.215571
385000 burn_in 1202.86 1.39929 1201.46 0 0 0 0.362273 0.414829 0.215562
386000 burn_in 1198.77 1.46343 1197.31 0 0 0 0.362273 0.414308 0.215554
387000 burn_in 1198.49 1.11634 1197.37 0 0 0 0.362273 0.41377 0.215503
388000 burn_in 1201.61 1.5939 1200.02 0 0 0 0.362273 0.413227 0.215436
389000 burn_in 1205.59 2.32798 1203.26 0 0 0 0.362273 0.412774 0.21555
390000 burn_in 1203.06 1.22305 1201.84 0 0 0 0.362273 0.412323 0.215663
391000 burn_in 1199.79 2.10003 1197.69 0 0 0 0.362273 0.411795 0.215613
392000 burn_in 1206.6 1.38962 1205.21 0 0 0 0.362273 0.411247 0.215516
393000 burn_in 1200.73 1.23428 1199.5 0 0 0 0.362273 0.410784 0.215585
394000 burn_in 1202.13 1.12568 1201.01 0 0 0 0.362273 0.410297 0.215603
395000 burn_in 1202.88 1.858 1201.02 0 0 0 0.362273 0.409846 0.215687
396000 burn_in 1204.71 1.13867 1203.57 0 0 0 0.362273 0.409361 0.215699
397000 burn_in 1198.37 1.24924 1197.12 0 0 0 0.362273 0.408942 0.215838
398000 burn_in 1201.03 0.914771 1200.12 0 0 0 0.362273 0.408477 0.215879
399000 burn_in 1202.25 1.19827 1201.06 0 0 0 0.362273 0.40806 0.21601
400000 burn_in 1200.62 1.30517 1199.31 0 0 0 0.362273 0.40757 0.21599
401000 burn_in 1198.44 1.16506 1197.28 0 0 0 0.362273 0.407085 0.215975
402000 burn_in 1199.81 3.35063 1196.46 0 0 0 0.362273 0.406565 0.215886
403000 burn_in 1197.69 1.49003 1196.2 0 0 0 0.362273 0.40604 0.215783
404000 burn_in 1201.19 2.22248 1198.96 0 0 0 0.362273 0.405554 0.215755
405000 burn_in 1198.47 1.93848 1196.54 0 0 0 0.362273 0.405158 0.215898
406000 burn_in 1201.08 0.815212 1200.27 0 0 0 0.362273 0.404606 0.215728
407000 burn_in 1198.82 3.34103 1195.48 0 0 0 0.362273 0.404182 0.215807
408000 burn_in 1204.86 1.63244 1203.22 0 0 0 0.362273 0.403745 0.215856
409000 burn_in 1202.56 1.64741 1200.91 0 0 0 0.362273 0.403315 0.215914
410000 burn_in 1200.27 2.25041 1198.02 0 0 0 0.362273 0.402856 0.21591
411000 burn_in 1203.78 0.544662 1203.23 0 0 0 0.362273 0.402397 0.2159
412000 burn_in 1206.02 1.98033 1204.04 0 0 0 0.362273 0.401944 0.215901
413000 burn_in 1198.95 2.70936 1196.24 0 0 0 0.362273 0.401501 0.215915
414000 burn_in 1213.93 1.02719 1212.91 0 0 0 0.362273 0.401019 0.21585
415000 burn_in 1203.47 1.1537 1202.32 0 0 0 0.362273 0.400602 0.215907
416000 burn_in 1209.93 1.61318 1208.31 0 0 0 0.362273 0.400214 0.216014
417000 burn_in 1202.25 1.67395 1200.58 0 0 0 0.362273 0.399676 0.215829
418000 burn_in 1205.63 0.949694 1204.68 0 0 0 0.362273 0.399234 0.215826
419000 burn_in 1196.99 0.873989 1196.11 0 0 0 0.362273 0.398735 0.215708
420000 burn_in 1211.3 1.14038 1210.16 0 0 0 0.362273 0.398329 0.215764
421000 burn_in 1199.93 1.40979 1198.52 0 0 0 0.362273 0.397943 0.215855
422000 burn_in 1200.93 3.393 1197.54 0 0 0 0.362273 0.397488 0.215811
423000 burn_in 1201.44 0.793694 1200.65 0 0 0 0.362273 0.396988 0.215677
424000 burn_in 1201.84 1.09692 1200.74 0 0 0 0.362273 0.396571 0.215696
425000 burn_in 1204.41 1.41661 1202.99 0 0 0 0.362273 0.396089 0.215591
426000 burn_in 1201.37 2.83459 1198.54 0 0 0 0.362273 0.395624 0.215513
427000 burn_in 1200.52 1.83704 1198.69 0 0 0 0.362273 0.395206 0.21552
428000 burn_in 1204.25 2.78576 1201.47 0 0 0 0.362273 0.394759 0.215469
429000 burn_in 1198.44 1.04481 1197.39 0 0 0 0.362273 0.394347 0.21548
430000 burn_in 1198.07 1.23372 1196.84 0 0 0 0.362273 0.39393 0.215478
431000 burn_in 1200.46 1.32042 1199.14 0 0 0 0.362273 0.393543 0.215528
432000 burn_in 1199.65 1.48459 1198.16 0 0 0 0.362273 0.39313 0.215526
433000 burn_in 1206.21 0.650318 1205.56 0 0 0 0.362273 0.392751 0.215584
434000 burn_in 1206.91 2.63261 1204.28 0 0 0 0.362273 0.392369 0.215632
435000 burn_in 1206.84 1.38576 1205.45 0 0 0 0.362273 0.391903 0.215523
436000 burn_in 1202.79 0.838755 1201.95 0 0 0 0.362273 0.391507 0.215538
437000 burn_in 1206.84 1.17032 1205.67 0 0 0 0.362273 0.391071 0.215477
438000 burn_in 1198.2 1.7905 1196.41 0 0 0 0.362273 0.39066 0.215458
439000 burn_in 1203.22 1.13657 1202.08 0 0 0 0.362273 0.390267 0.215469
440000 burn_in 1199.02 2.57025 1196.45 0 0 0 0.362273 0.389823 0.215383
441000 burn_in 1199.58 1.4747 1198.1 0 0 0 0.362273 0.389431 0.21539
442000 burn_in 1199.79 1.29785 1198.5 0 0 0 0.362273 0.389016 0.215351
443000 burn_in 1198.25 2.17789 1196.07 0 0 0 0.362273 0.388623 0.21535
444000 burn_in 1198.49 1.21037 1197.28 0 0 0 0.362273 0.388252 0.215385
445000 burn_in 1200.54 1.20675 1199.33 0 0 0 0.362273 0.387876 0.215408
446000 burn_in 1200.71 1.55586 1199.15 0 0 0 0.362273 0.387513 0.215451
447000 burn_in 1202.65 1.06702 1201.58 0 0 0 0.362273 0.387145 0.215482
448000 burn_in 1203.75 2.96505 1200.78 0 0 0 0.362273 0.386781 0.215516
449000 burn_in 1197.29 1.23635 1196.06 0 0 0 0.362273 0.38637 0.215462
450000 burn_in 1197.22 0.892942 1196.32 0 0 0 0.362273 0.386013 0.215504
451000 burn_in 1202.39 0.501169 1201.89 0 0 0 0.362273 0.385559 0.215367
452000 burn_in 1202.35 0.938052 1201.41 0 0 0 0.362273 0.385111 0.215238
453000 burn_in 1202.44 2.60449 1199.84 0 0 0 0.362273 0.384777 0.215312
454000 burn_in 1202.06 1.17138 1200.89 0 0 0 0.362273 0.38443 0.215358
455000 burn_in 1202.19 3.31884 1198.88 0 0 0 0.362273 0.384002 0.215259
456000 burn_in 1202.07 1.15579 1200.91 0 0 0 0.362273 0.383627 0.21525
457000 burn_in 1209.56 0.538355 1209.02 0 0 0 0.362273 0.383236 0.21521
458000 burn_in 1201.75 0.727628 1201.03 0 0 0 0.362273 0.382873 0.215217
459000 burn_in 1204.43 1.06649 1203.37 0 0 0 0.362273 0.382529 0.215255
460000 burn_in 1201.83 2.71347 1199.12 0 0 0 0.362273 0.382113 0.215162
461000 burn_in 1200.72 1.11113 1199.61 0 0 0 0.362273 0.381718 0.215103
462000 burn_in 1206.1 0.94455 1205.15 0 0 0 0.362273 0.381357 0.215103
463000 burn_in 1206.74 1.30049 1205.44 0 0 0 0.362273 0.381015 0.215133
464000 burn_in 1201.44 1.41098 1200.03 0 0 0 0.362273 0.380726 0.215254
465000 burn_in 1203.29 3.65489 1199.64 0 0 0 0.362273 0.380331 0.215185
466000 burn_in 1196.26 1.03074 1195.23 0 0 0 0.362273 0.379929 0.215102
467000 burn_in 1198.18 1.2979 1196.89 0 0 0 0.362273 0.379606 0.215154
468000 burn_in 1200.04 0.986956 1199.05 0 0 0 0.362273 0.379218 0.21509
469000 burn_in 1204.86 4.03794 1200.82 0 0 0 0.362273 0.378825 0.215015
470000 burn_in 1203.24 1.36112 1201.88 0 0 0 0.362273 0.378487 0.215033
471000 burn_in 1202.66 1.49735 1201.16 0 0 0 0.362273 0.378153 0.215055
472000 burn_in 1204.22 2.1861 1202.04 0 0 0 0.362273 0.377801 0.215044
473000 burn_in 1201.6 1.3496 1200.25 0 0 0 0.362273 0.377461 0.215051
474000 burn_in 1203.24 3.04601 1200.2 0 0 0 0.362273 0.37708 0.214985
475000 burn_in 1200.78 0.973943 1199.81 0 0 0 0.362273 0.376735 0.214978
476000 burn_in 1197.73 1.93421 1195.79 0 0 0 0.362273 0.376412 0.215007
477000 burn_in 1198.41 1.13579 1197.27 0 0 0 0.362273 0.376023 0.214921
478000 burn_in 1200.98 1.41936 1199.56 0 0 0 0.362273 0.375709 0.21496
479000 burn_in 1200.82 3.08598 1197.74 0 0 0 0.362273 0.375397 0.215
480000 burn_in 1199.74 1.37216 1198.37 0 0 0 0.362273 0.375067 0.215007
481000 burn_in 1199.19 0.870781 1198.31 0 0 0 0.362273 0.374759 0.21505
482000 burn_in 1199.17 2.3271 1196.84 0 0 0 0.362273 0.374442 0.215074
483000 burn_in 1197.48 1.40812 1196.07 0 0 0 0.362273 0.37407 0.215004
484000 burn_in 1199.62 0.899803 1198.72 0 0 0 0.362273 0.373736 0.214993
485000 burn_in 1201.11 1.67624 1199.44 0 0 0 0.362273 0.373406 0.214989
486000 burn_in 1201.94 1.51398 1200.43 0 0 0 0.362273 0.373091 0.215007
487000 burn_in 1196.63 1.87878 1194.75 0 0 0 0.362273 0.372727 0.214941
488000 burn_in 1200.83 1.55694 1199.28 0 0 0 0.362273 0.372367 0.214878
489000 burn_in 1197.48 0.977394 1196.5 0 0 0 0.362273 0.372027 0.214848
490000 burn_in 1200.37 4.44681 1195.92 0 0 0 0.362273 0.371665 0.214779
491000 burn_in 1199.01 1.19297 1197.82 0 0 0 0.362273 0.371352 0.21479
492000 burn_in 1203.99 1.26675 1202.72 0 0 0 0.362273 0.371016 0.21476
493000 burn_in 1202.24 1.80958 1200.43 0 0 0 0.362273 0.370694 0.214751
494000 burn_in 1199.07 1.27299 1197.8 0 0 0 0.362273 0.370344 0.214694
495000 burn_in 1200.07 1.69745 1198.37 0 0 0 0.362273 0.370071 0.214763
496000 burn_in 1201.89 2.26052 1199.63 0 0 0 0.362273 0.369742 0.214736
497000 burn_in 1205.55 2.75567 1202.79 0 0 0 0.362273 0.369467 0.214798
498000 burn_in 1207.62 1.18206 1206.44 0 0 0 0.362273 0.369155 0.214795
499000 burn_in 1203.86 1.32541 1202.53 0 0 0 0.362273 0.36882 0.214753
500000 burn_in 1201.45 1.53122 1199.92 0 0 0 0.362273 0.368508 0.214747
501000 burn_in 1200.47 1.67421 1198.8 0 0 0 0.324154 0.368289 0.259
502000 burn_in 1202.37 1.27885 1201.09 0 0 0 0.324154 0.368078 0.2605
503000 burn_in 1205.15 1.60408 1203.55 0 0 0 0.324154 0.367873 0.262
504000 burn_in 1199.19 0.505525 1198.68 0 0 0 0.324154 0.367589 0.25275
